0.000000000000000000e+00 2.500000000000000000e+00 1.000000000000000056e-01
5.000000000000000104e-04 2.488245077970557162e+00 1.237866815329060205e-01
1.000000000000000021e-03 2.476148512668713941e+00 1.455833282074890100e-01
1.500000000000000031e-03 2.463275614432185012e+00 1.653591960537519889e-01
2.000000000000000042e-03 2.450999665254507853e+00 1.833563845246080071e-01
2.500000000000000052e-03 2.439259110247470108e+00 1.997813848857550034e-01
3.000000000000000062e-03 2.428006553397651146e+00 2.148121708395059615e-01
3.500000000000000073e-03 2.417193991822469190e+00 2.286028338614390365e-01
4.000000000000000083e-03 2.406778106077970936e+00 2.412846415008650103e-01
4.500000000000000527e-03 2.396264362893397060e+00 2.529625107691629848e-01
5.000000000000000104e-03 2.386074504700204102e+00 2.637293218692660091e-01
5.499999999999999681e-03 2.376226160458227987e+00 2.736730304292729898e-01
6.000000000000000125e-03 2.366697035960395823e+00 2.828744107833919830e-01
6.500000000000000569e-03 2.357461902232123041e+00 2.914003298421439792e-01
7.000000000000000146e-03 2.348499783592199908e+00 2.993114881469119970e-01
7.499999999999999722e-03 2.339797997236728211e+00 3.066600948129499793e-01
8.000000000000000167e-03 2.331037811560555895e+00 3.134934292975509740e-01
8.500000000000000611e-03 2.321199925431685962e+00 3.198368529501620094e-01
9.000000000000001055e-03 2.311668176258617979e+00 3.257242356523499804e-01
9.499999999999999764e-03 2.302412837349649077e+00 3.311961382887549932e-01
1.000000000000000021e-02 2.293426699753505993e+00 3.362876888680300103e-01
1.050000000000000065e-02 2.284683326101275114e+00 3.410293069366039931e-01
1.099999999999999936e-02 2.276181480421425984e+00 3.454489278382760209e-01
1.149999999999999981e-02 2.267893550163654126e+00 3.495727141788320114e-01
1.200000000000000025e-02 2.259638527749352921e+00 3.534227861691199846e-01
1.250000000000000069e-02 2.251152126993987146e+00 3.570147549097579809e-01
1.300000000000000114e-02 2.242876802721184060e+00 3.603665865238029897e-01
1.349999999999999985e-02 2.234813170139573923e+00 3.634966781710149974e-01
1.400000000000000029e-02 2.226950772054188121e+00 3.664220575233130273e-01
1.450000000000000074e-02 2.219270859377378002e+00 3.691575004768999912e-01
1.499999999999999944e-02 2.211769815794009997e+00 3.717164543073899763e-01
1.549999999999999989e-02 2.204441569626566011e+00 3.741112799128519795e-01
1.600000000000000033e-02 2.197287281549503035e+00 3.763441897658770241e-01
1.650000000000000078e-02 2.189854629969179900e+00 3.784157607961229908e-01
1.700000000000000122e-02 2.182088264111067044e+00 3.803308144315409867e-01
1.750000000000000167e-02 2.174527361580675056e+00 3.821007095962409839e-01
1.800000000000000211e-02 2.167160920862921891e+00 3.837364166089590189e-01
1.849999999999999908e-02 2.159978821029695073e+00 3.852478911280670104e-01
1.899999999999999953e-02 2.152971749457368134e+00 3.866442057969879942e-01
1.949999999999999997e-02 2.146131115156777014e+00 3.879336447994090054e-01
2.000000000000000042e-02 2.139446483817614819e+00 3.891237807422640027e-01
2.050000000000000086e-02 2.132910600925963962e+00 3.902215299331719955e-01
2.100000000000000130e-02 2.126459128727133052e+00 3.912332352147749881e-01
2.150000000000000175e-02 2.119359500334459856e+00 3.921610655213400021e-01
2.199999999999999872e-02 2.112429721987747033e+00 3.930086635468679757e-01
2.249999999999999917e-02 2.105661773953217963e+00 3.937817726266890084e-01
2.299999999999999961e-02 2.099048206835734121e+00 3.944856563913550218e-01
2.350000000000000006e-02 2.092582087408568103e+00 3.951251465316639733e-01
2.400000000000000050e-02 2.086256950826812950e+00 3.957046849585370007e-01
2.450000000000000094e-02 2.080066758335680888e+00 3.962283611194780120e-01
2.500000000000000139e-02 2.074005859726367085e+00 3.966999451155919787e-01
2.550000000000000183e-02 2.068068962514336917e+00 3.971229195523829913e-01
2.600000000000000228e-02 2.062235193243118214e+00 3.975005893563420267e-01
2.649999999999999925e-02 2.056052919054482953e+00 3.978344934873450089e-01
2.699999999999999969e-02 2.049999711617068954e+00 3.981265027269340062e-01
2.750000000000000014e-02 2.044070306605583198e+00 3.983794380162590243e-01
2.800000000000000058e-02 2.038259759849319064e+00 3.985959071199640102e-01
2.850000000000000103e-02 2.032563421444144147e+00 3.987783235629779877e-01
2.900000000000000147e-02 2.026976912465725977e+00 3.989289236012130146e-01
2.950000000000000192e-02 2.021496103973721148e+00 3.990497814612399829e-01
2.999999999999999889e-02 2.016117098039105215e+00 3.991428230521940068e-01
3.049999999999999933e-02 2.010836210562933157e+00 3.992098383260629935e-01
3.099999999999999978e-02 2.005649955685283814e+00 3.992524924395389752e-01
3.150000000000000022e-02 2.000555031609267953e+00 3.992723358509119858e-01
3.200000000000000067e-02 1.994695210152142018e+00 3.992691339498750103e-01
3.250000000000000111e-02 1.988822189117418926e+00 3.992421473977039725e-01
3.300000000000000155e-02 1.983066151122826026e+00 3.991930199182420202e-01
3.350000000000000200e-02 1.977422583075000961e+00 3.991232880794570170e-01
3.400000000000000244e-02 1.971887229048919110e+00 3.990343756851870149e-01
3.450000000000000289e-02 1.966456070952464996e+00 3.989276033670740018e-01
3.500000000000000333e-02 1.961125310989642045e+00 3.988041972289069759e-01
3.550000000000000377e-02 1.955891355724014957e+00 3.986652966507039930e-01
3.600000000000000422e-02 1.950750801569153925e+00 3.985119613461809984e-01
3.649999999999999772e-02 1.945700421554483972e+00 3.983451777554050111e-01
3.699999999999999817e-02 1.940742890564330025e+00 3.981619325898340112e-01
3.749999999999999861e-02 1.935705941517330997e+00 3.979596045635350188e-01
3.799999999999999906e-02 1.930689029067834017e+00 3.977387682265859925e-01
3.849999999999999950e-02 1.925768990574451944e+00 3.975007381778959958e-01
3.899999999999999994e-02 1.920942177887402957e+00 3.972467724209770013e-01
3.950000000000000039e-02 1.916205152920134047e+00 3.969780441963550177e-01
4.000000000000000083e-02 1.911554726758190936e+00 3.966957083304439857e-01
4.050000000000000128e-02 1.906987835290236966e+00 3.964007910332860152e-01
4.100000000000000172e-02 1.902501559013801913e+00 3.960942287416209795e-01
4.150000000000000216e-02 1.898093129351891895e+00 3.957768923953779994e-01
4.200000000000000261e-02 1.893759918338316917e+00 3.954495926214089963e-01
4.250000000000000305e-02 1.889499429177242007e+00 3.951130844445859824e-01
4.300000000000000350e-02 1.885309287588881055e+00 3.947680715755180203e-01
4.350000000000000394e-02 1.881187233863534036e+00 3.944152103183879987e-01
4.399999999999999745e-02 1.876480288849128097e+00 3.940540617296600101e-01
4.449999999999999789e-02 1.871703864010983986e+00 3.936835164969280099e-01
4.499999999999999833e-02 1.867015841040166046e+00 3.933043306635169989e-01
4.549999999999999878e-02 1.862413046332116906e+00 3.929172344322989785e-01
4.599999999999999922e-02 1.857892474309035036e+00 3.925229051097670063e-01
4.649999999999999967e-02 1.853451275697360900e+00 3.921219713961959785e-01
4.700000000000000011e-02 1.849086746816406057e+00 3.917150172757959958e-01
4.750000000000000056e-02 1.844796319774685056e+00 3.913025855494680072e-01
4.800000000000000100e-02 1.840577553482751982e+00 3.908851810476450250e-01
4.850000000000000144e-02 1.836428125401784905e+00 3.904632735562689749e-01
4.900000000000000189e-02 1.832345823956504027e+00 3.900373004850979930e-01
4.950000000000000233e-02 1.828328541548883024e+00 3.896076693042049843e-01
5.000000000000000278e-02 1.824374268116186082e+00 3.891747597715830009e-01
5.050000000000000322e-02 1.820286545276708967e+00 3.887386969180410268e-01
5.100000000000000366e-02 1.816193966884662947e+00 3.882993396021989785e-01
5.150000000000000411e-02 1.812165463911125096e+00 3.878570297010029977e-01
5.200000000000000455e-02 1.808200321716538106e+00 3.874121081341009853e-01
5.249999999999999806e-02 1.804296606558210003e+00 3.869648930225410011e-01
5.299999999999999850e-02 1.800452471675044075e+00 3.865156808536500121e-01
5.349999999999999895e-02 1.796666152132972094e+00 3.860647480451149804e-01
5.399999999999999939e-02 1.792935960048406052e+00 3.856123523812590159e-01
5.449999999999999983e-02 1.789260280156756977e+00 3.851587343333670033e-01
5.500000000000000028e-02 1.785637565696388984e+00 3.847041182746600008e-01
5.550000000000000072e-02 1.782066334581364098e+00 3.842487135994370195e-01
5.600000000000000117e-02 1.778545165838844033e+00 3.837927157549240187e-01
5.650000000000000161e-02 1.775072696289462959e+00 3.833363071935430022e-01
5.700000000000000205e-02 1.771647617450889944e+00 3.828796582525120229e-01
5.750000000000000250e-02 1.768268672646813977e+00 3.824229279670520176e-01
5.800000000000000294e-02 1.764539237777313918e+00 3.819658038036249925e-01
5.850000000000000339e-02 1.760835658887740962e+00 3.815079632434700274e-01
5.900000000000000383e-02 1.757185936446904906e+00 3.810496005372460138e-01
5.950000000000000427e-02 1.753588549137252928e+00 3.805908967470499893e-01
5.999999999999999778e-02 1.750042039012936979e+00 3.801320206609969943e-01
6.049999999999999822e-02 1.746545008021822998e+00 3.796731296368360264e-01
6.099999999999999867e-02 1.743096114763734938e+00 3.792143703808329991e-01
6.149999999999999911e-02 1.739694085297696979e+00 3.787558997149459983e-01
6.199999999999999956e-02 1.736337763684048019e+00 3.782979636710950277e-01
6.250000000000000000e-02 1.733025831025011954e+00 3.778406968527769916e-01
6.300000000000000044e-02 1.729753586731541892e+00 3.773842017549819960e-01
6.350000000000000089e-02 1.726523686020208892e+00 3.769285748983849937e-01
6.400000000000000133e-02 1.723335064850308074e+00 3.764739091378739855e-01
6.450000000000000178e-02 1.720186698571831929e+00 3.760202907847299825e-01
6.500000000000000222e-02 1.717077712153016966e+00 3.755677618539189910e-01
6.550000000000000266e-02 1.713972630771777972e+00 3.751150185025869943e-01
6.600000000000000311e-02 1.710656736488471941e+00 3.746610741382029874e-01
6.650000000000000355e-02 1.707391170443192108e+00 3.742058967258070079e-01
6.700000000000000400e-02 1.704174438445944073e+00 3.737497018572359941e-01
6.750000000000000444e-02 1.701005112004196018e+00 3.732926906008219858e-01
6.800000000000000488e-02 1.697881824507734061e+00 3.728350505263879899e-01
6.850000000000000533e-02 1.694803267687930104e+00 3.723769566485560234e-01
6.900000000000000577e-02 1.691768188327944955e+00 3.719185722957309981e-01
6.950000000000000622e-02 1.688775385202772927e+00 3.714600499114220078e-01
7.000000000000000666e-02 1.685823706229996999e+00 3.710015317938700208e-01
7.050000000000000711e-02 1.682912045814066060e+00 3.705431507793460200e-01
7.100000000000000755e-02 1.680039342368405020e+00 3.700850308739960237e-01
7.150000000000000799e-02 1.677204576001235958e+00 3.696272878385900018e-01
7.200000000000000844e-02 1.674406766352245945e+00 3.691700297301580003e-01
7.249999999999999500e-02 1.671644970568390010e+00 3.687133574040880046e-01
7.299999999999999545e-02 1.668918281408197091e+00 3.682573649799399940e-01
7.349999999999999589e-02 1.666225825464862087e+00 3.678021402739479750e-01
7.399999999999999634e-02 1.663566761499277957e+00 3.673477652008549921e-01
7.449999999999999678e-02 1.660845214356235999e+00 3.668942555693309737e-01
7.499999999999999722e-02 1.658083156391592095e+00 3.664414439013379821e-01
7.549999999999999767e-02 1.655356091415413067e+00 3.659893899161190123e-01
7.599999999999999811e-02 1.652663150944192028e+00 3.655381742126950217e-01
7.649999999999999856e-02 1.650003498444279959e+00 3.650878719377589898e-01
7.699999999999999900e-02 1.647376327778045990e+00 3.646385531303010241e-01
7.749999999999999944e-02 1.644780861743774025e+00 3.641902830423309756e-01
7.799999999999999989e-02 1.642216350702552008e+00 3.637431224375550221e-01
7.850000000000000033e-02 1.639682071286002074e+00 3.632971278697170181e-01
7.900000000000000078e-02 1.637177325179185905e+00 3.628523519421379961e-01
7.950000000000000122e-02 1.634701437973449023e+00 3.624088435498920013e-01
8.000000000000000167e-02 1.632253758084454054e+00 3.619666481059010121e-01
8.050000000000000211e-02 1.629833655730976050e+00 3.615258077521589786e-01
8.100000000000000255e-02 1.627440521970382914e+00 3.610863615571550111e-01
8.150000000000000300e-02 1.625073778725623086e+00 3.606483636597609954e-01
8.200000000000000344e-02 1.622732912523846993e+00 3.602119409755260016e-01
8.250000000000000389e-02 1.620417377218537958e+00 3.597771352413279833e-01
8.300000000000000433e-02 1.618126635819030046e+00 3.593439720767679924e-01
8.350000000000000477e-02 1.615860168190343060e+00 3.589124749090329969e-01
8.400000000000000522e-02 1.613617470354183903e+00 3.584826651044670243e-01
8.450000000000000566e-02 1.611410742513351924e+00 3.580545655396960014e-01
8.500000000000000611e-02 1.609261803268988933e+00 3.576282468879389831e-01
8.550000000000000655e-02 1.607133518007985984e+00 3.572037388065649743e-01
8.600000000000000699e-02 1.605025492172940105e+00 3.567810509621520132e-01
8.650000000000000744e-02 1.602936672106282989e+00 3.563601916344210085e-01
8.700000000000000788e-02 1.600863917063430897e+00 3.559411639501159907e-01
8.750000000000000833e-02 1.598810320019699915e+00 3.555239722564539906e-01
8.799999999999999489e-02 1.596775529132870020e+00 3.551086218016329954e-01
8.849999999999999534e-02 1.594759202249037999e+00 3.546951168400179766e-01
8.899999999999999578e-02 1.592761006547501967e+00 3.542834606912069750e-01
8.949999999999999623e-02 1.590780618201854013e+00 3.538736557956739803e-01
8.999999999999999667e-02 1.588817722056411030e+00 3.534657037672049862e-01
9.049999999999999711e-02 1.586872011317149944e+00 3.530596054423260077e-01
9.099999999999999756e-02 1.584943187256385944e+00 3.526553609269100220e-01
9.149999999999999800e-02 1.583030958930436105e+00 3.522529696401350274e-01
9.199999999999999845e-02 1.581135042909610933e+00 3.518524303559509847e-01
9.249999999999999889e-02 1.579255163019873898e+00 3.514537412422110152e-01
9.299999999999999933e-02 1.577391050095585001e+00 3.510568998976030253e-01
9.349999999999999978e-02 1.575542441742729061e+00 3.506619033865179813e-01
9.400000000000000022e-02 1.573709082112126012e+00 3.502687482719700207e-01
9.450000000000000067e-02 1.571890721682120073e+00 3.498774306466930217e-01
9.500000000000000111e-02 1.570087117050243064e+00 3.494879461625099992e-01
9.550000000000000155e-02 1.568298030733457971e+00 3.491002900580830182e-01
9.600000000000000200e-02 1.566523230976490932e+00 3.487144571851389929e-01
9.650000000000000244e-02 1.564762491567950997e+00 3.483304420332509754e-01
9.700000000000000289e-02 1.563016985010005966e+00 3.479482388889479916e-01
9.750000000000000333e-02 1.561323829459859036e+00 3.475678711538979782e-01
9.800000000000000377e-02 1.559643299342635903e+00 3.471893525428360050e-01
9.850000000000000422e-02 1.557975207502173998e+00 3.468126742039739918e-01
9.900000000000000466e-02 1.556319370953801018e+00 3.464378271147149913e-01
9.950000000000000511e-02 1.554675610760265947e+00 3.460648020954690263e-01
1.000000000000000056e-01 1.553043527981404992e+00 3.456935898016760267e-01
1.005000000000000060e-01 1.551419399160343104e+00 3.453241778506430104e-01
1.010000000000000064e-01 1.549806846721903941e+00 3.449565547688199785e-01
1.015000000000000069e-01 1.548205706772719070e+00 3.445907109927059953e-01
1.020000000000000073e-01 1.546615818909218953e+00 3.442266368568350221e-01
1.025000000000000078e-01 1.545037026118430967e+00 3.438643226037380041e-01
1.030000000000000082e-01 1.543469174682291056e+00 3.435037583933560068e-01
1.035000000000000087e-01 1.541912114085346008e+00 3.431449343119479800e-01
1.040000000000000091e-01 1.540365696925660055e+00 3.427878403804899832e-01
1.044999999999999957e-01 1.538829799576391100e+00 3.424325101196000198e-01
1.049999999999999961e-01 1.537304303952621964e+00 3.420789825600469847e-01
1.054999999999999966e-01 1.535789070471831996e+00 3.417272455965890132e-01
1.059999999999999970e-01 1.534283962364102027e+00 3.413772871331460235e-01
1.064999999999999974e-01 1.532788845596541050e+00 3.410290950879280025e-01
1.069999999999999979e-01 1.531303588800217996e+00 3.406826573982459916e-01
1.074999999999999983e-01 1.529828063199559107e+00 3.403379620250199800e-01
1.079999999999999988e-01 1.528362142544049007e+00 3.399949969570040254e-01
1.084999999999999992e-01 1.526905703042205076e+00 3.396537502147469745e-01
1.089999999999999997e-01 1.525458623297694993e+00 3.393142098542950014e-01
1.095000000000000001e-01 1.524020784247541060e+00 3.389763639706550036e-01
1.100000000000000006e-01 1.522592069102288059e+00 3.386402007010320125e-01
1.105000000000000010e-01 1.521172363288112006e+00 3.383057082278529970e-01
1.110000000000000014e-01 1.519761554390768987e+00 3.379728747815829992e-01
1.115000000000000019e-01 1.518359532101301035e+00 3.376416886433539766e-01
1.120000000000000023e-01 1.516966188163451079e+00 3.373121381474110114e-01
1.125000000000000028e-01 1.515592360604280042e+00 3.369843127381230152e-01
1.130000000000000032e-01 1.514402301580785926e+00 3.366588611438169898e-01
1.135000000000000037e-01 1.513220094479166056e+00 3.363358908230140165e-01
1.140000000000000041e-01 1.512045637639988005e+00 3.360153698578590142e-01
1.145000000000000046e-01 1.510878831372983067e+00 3.356972669058300163e-01
1.150000000000000050e-01 1.509719577906265986e+00 3.353815511864460253e-01
1.155000000000000054e-01 1.508567781337150970e+00 3.350681924683500124e-01
1.160000000000000059e-01 1.507420752552117937e+00 3.347571604939300061e-01
1.165000000000000063e-01 1.506280277318885918e+00 3.344484250493269806e-01
1.170000000000000068e-01 1.505146992287905050e+00 3.341419574810229887e-01
1.175000000000000072e-01 1.504020808645663010e+00 3.338377296603229905e-01
1.180000000000000077e-01 1.502901639219327956e+00 3.335357139476469723e-01
1.185000000000000081e-01 1.501789398436389034e+00 3.332358831816270017e-01
1.190000000000000085e-01 1.500684002285531005e+00 3.329382106684949938e-01
1.195000000000000090e-01 1.499585368278697928e+00 3.326426701717630219e-01
1.199999999999999956e-01 1.498493415414311025e+00 3.323492359021669729e-01
1.204999999999999960e-01 1.497408064141602990e+00 3.320578825078969731e-01
1.209999999999999964e-01 1.496329236325999901e+00 3.317685850650690105e-01
1.214999999999999969e-01 1.495256855215558955e+00 3.314813190684630095e-01
1.219999999999999973e-01 1.494190845408378099e+00 3.311960604224989946e-01
1.224999999999999978e-01 1.493131132820973983e+00 3.309127854324460105e-01
1.229999999999999982e-01 1.492077644657588964e+00 3.306314707958670218e-01
1.234999999999999987e-01 1.491030309380376950e+00 3.303520935942840242e-01
1.239999999999999991e-01 1.489989056680460999e+00 3.300746312850549868e-01
1.244999999999999996e-01 1.488953817449814032e+00 3.297990616934630137e-01
1.250000000000000000e-01 1.487924523753960893e+00 3.295253630050100080e-01
1.255000000000000004e-01 1.486901108805426031e+00 3.292535137579010174e-01
1.260000000000000009e-01 1.485883506937957010e+00 3.289834928357259769e-01
1.265000000000000013e-01 1.484871653581453010e+00 3.287152794603179773e-01
1.270000000000000018e-01 1.483865485237602977e+00 3.284488531848009929e-01
1.275000000000000022e-01 1.482864939456203901e+00 3.281841938868049757e-01
1.280000000000000027e-01 1.481869954812115919e+00 3.279212817618529785e-01
1.285000000000000031e-01 1.480880470882860012e+00 3.276600973169079833e-01
1.290000000000000036e-01 1.479896428226834981e+00 3.274006213640859864e-01
1.295000000000000040e-01 1.478917768362105090e+00 3.271428350145190178e-01
1.300000000000000044e-01 1.477944433745778996e+00 3.268867196723699853e-01
1.305000000000000049e-01 1.476976367753930042e+00 3.266322570289910132e-01
1.310000000000000053e-01 1.476013514662060100e+00 3.263794290572299972e-01
1.315000000000000058e-01 1.475055819626077014e+00 3.261282180058659996e-01
1.320000000000000062e-01 1.474103228663772081e+00 3.258786063941829791e-01
1.325000000000000067e-01 1.473155688636790916e+00 3.256305770066780236e-01
1.330000000000000071e-01 1.472213147233069952e+00 3.253841128878879885e-01
1.335000000000000075e-01 1.471275552949738996e+00 3.251391973373419786e-01
1.340000000000000080e-01 1.470342855076439026e+00 3.248958139046340121e-01
1.345000000000000084e-01 1.469448634884626959e+00 3.246539493441389923e-01
1.350000000000000089e-01 1.468640434409167916e+00 3.244136567841500174e-01
1.355000000000000093e-01 1.467834576521904966e+00 3.241749556468579985e-01
1.360000000000000098e-01 1.467030849914009005e+00 3.239378271784100205e-01
1.365000000000000102e-01 1.466230638336863956e+00 3.237022536667050199e-01
1.370000000000000107e-01 1.465433912373810044e+00 3.234682178160709909e-01
1.375000000000000111e-01 1.464640642969472939e+00 3.232357025988369936e-01
1.380000000000000115e-01 1.463850801423945969e+00 3.230046912500290079e-01
1.385000000000000120e-01 1.463064359387080016e+00 3.227751672622060086e-01
1.390000000000000124e-01 1.462281288852887107e+00 3.225471143804060081e-01
1.395000000000000129e-01 1.461501562154053913e+00 3.223205165972269914e-01
1.400000000000000133e-01 1.460725151956568935e+00 3.220953581480089922e-01
1.405000000000000138e-01 1.459952031254446947e+00 3.218716235061450104e-01
1.410000000000000142e-01 1.459182173364560908e+00 3.216492973784890186e-01
1.415000000000000147e-01 1.458415551921576014e+00 3.214283647008769895e-01
1.420000000000000151e-01 1.457652140872977009e+00 3.212088106337560034e-01
1.425000000000000155e-01 1.456891914474194971e+00 3.209906205579030058e-01
1.430000000000000160e-01 1.456134847283826028e+00 3.207737800702589737e-01
1.435000000000000164e-01 1.455380914158945993e+00 3.205582749798400188e-01
1.440000000000000169e-01 1.454630090250506935e+00 3.203440913037580162e-01
1.444999999999999896e-01 1.453882350998829009e+00 3.201312152633249974e-01
1.449999999999999900e-01 1.453137672129169999e+00 3.199196332802439757e-01
1.454999999999999905e-01 1.452396029647387010e+00 3.197093319728909755e-01
1.459999999999999909e-01 1.451657399835676987e+00 3.195002981526769981e-01
1.464999999999999913e-01 1.450921759248388954e+00 3.192925188204929765e-01
1.469999999999999918e-01 1.450189084707925957e+00 3.190859811632369980e-01
1.474999999999999922e-01 1.449459353300720954e+00 3.188806725504100270e-01
1.479999999999999927e-01 1.448732542373279975e+00 3.186765805307990029e-01
1.484999999999999931e-01 1.448008629528305002e+00 3.184736928292259961e-01
1.489999999999999936e-01 1.447287592620891017e+00 3.182719973433669747e-01
1.494999999999999940e-01 1.446569409754778990e+00 3.180714821406450121e-01
1.499999999999999944e-01 1.445854059278701031e+00 3.178721354551939937e-01
1.504999999999999949e-01 1.445141519782765949e+00 3.176739456848760024e-01
1.509999999999999953e-01 1.444431770094924072e+00 3.174769013883769753e-01
1.514999999999999958e-01 1.443724789277502918e+00 3.172809912823589817e-01
1.519999999999999962e-01 1.443020556623793027e+00 3.170862042386720092e-01
1.524999999999999967e-01 1.442319051654697093e+00 3.168925292816269779e-01
1.529999999999999971e-01 1.441620254115437039e+00 3.166999555853329817e-01
1.534999999999999976e-01 1.440924143972337923e+00 3.165084724710759967e-01
1.539999999999999980e-01 1.440230701409640934e+00 3.163180694047729724e-01
1.544999999999999984e-01 1.439539906826396987e+00 3.161287359944610076e-01
1.549999999999999989e-01 1.438851740833402948e+00 3.159404619878519727e-01
1.554999999999999993e-01 1.438166184250188051e+00 3.157532372699319856e-01
1.559999999999999998e-01 1.437483218102070026e+00 3.155670518606150110e-01
1.565000000000000002e-01 1.436802823617244984e+00 3.153818959124379817e-01
1.570000000000000007e-01 1.436124982223935920e+00 3.151977597083159832e-01
1.575000000000000011e-01 1.435449675547594062e+00 3.150146336593300234e-01
1.580000000000000016e-01 1.434776885408141078e+00 3.148325083025679816e-01
1.585000000000000020e-01 1.434106593817261910e+00 3.146513742990110218e-01
1.590000000000000024e-01 1.433438782975752002e+00 3.144712224314569760e-01
1.595000000000000029e-01 1.432773435270892071e+00 3.142920436024930209e-01
1.600000000000000033e-01 1.432110533273887931e+00 3.141138288325009964e-01
1.605000000000000038e-01 1.431450059737336078e+00 3.139365692577110178e-01
1.610000000000000042e-01 1.430791997592750109e+00 3.137602561282920033e-01
1.615000000000000047e-01 1.430136329948110907e+00 3.135848808064760074e-01
1.620000000000000051e-01 1.429480913168394984e+00 3.134104342826180001e-01
1.625000000000000056e-01 1.428827687275787905e+00 3.132369075986030094e-01
1.630000000000000060e-01 1.428176813402113998e+00 3.130642924536670146e-01
1.635000000000000064e-01 1.427528275315476991e+00 3.128925806518579877e-01
1.640000000000000069e-01 1.426882056948648003e+00 3.127217641003490201e-01
1.645000000000000073e-01 1.426238142396867081e+00 3.125518348077729880e-01
1.650000000000000078e-01 1.425596515915682039e+00 3.123827848826020159e-01
1.655000000000000082e-01 1.424983321393543001e+00 3.122146084121870113e-01
1.660000000000000087e-01 1.424460521986907091e+00 3.120473332364779862e-01
1.665000000000000091e-01 1.423939173731227914e+00 3.118809645700170163e-01
1.670000000000000095e-01 1.423419269319663005e+00 3.117154942234149906e-01
1.675000000000000100e-01 1.422900801495085021e+00 3.115509141070790244e-01
1.680000000000000104e-01 1.422383763049686056e+00 3.113872162297049995e-01
1.685000000000000109e-01 1.421868146824601054e+00 3.112243926967940277e-01
1.690000000000000113e-01 1.421353945709521005e+00 3.110624357091980041e-01
1.695000000000000118e-01 1.420841152642319027e+00 3.109013375616950237e-01
1.700000000000000122e-01 1.420329760608671998e+00 3.107410906415780105e-01
1.705000000000000127e-01 1.419819762641689964e+00 3.105816874272849804e-01
1.710000000000000131e-01 1.419311151821543104e+00 3.104231204870390171e-01
1.715000000000000135e-01 1.418803921275098023e+00 3.102653824775180036e-01
1.720000000000000140e-01 1.418298064175550044e+00 3.101084661425539957e-01
1.725000000000000144e-01 1.417793573742061941e+00 3.099523643118399785e-01
1.730000000000000149e-01 1.417290443239406894e+00 3.097970698996739825e-01
1.735000000000000153e-01 1.416788665977608108e+00 3.096425759037230163e-01
1.740000000000000158e-01 1.416288235311587096e+00 3.094888754037939949e-01
1.745000000000000162e-01 1.415789144640811958e+00 3.093359615606480206e-01
1.750000000000000167e-01 1.415291387408945889e+00 3.091838276148209941e-01
1.755000000000000171e-01 1.414794957103508999e+00 3.090324668854619872e-01
1.759999999999999898e-01 1.414299847255525044e+00 3.088818727692059785e-01
1.764999999999999902e-01 1.413806051439187916e+00 3.087320387390519727e-01
1.769999999999999907e-01 1.413313563271521023e+00 3.085829583432679879e-01
1.774999999999999911e-01 1.412822376412040004e+00 3.084346252043119740e-01
1.779999999999999916e-01 1.412332484562424106e+00 3.082870330177679974e-01
1.784999999999999920e-01 1.411843881466178896e+00 3.081401755513110130e-01
1.789999999999999925e-01 1.411356560908318958e+00 3.079940466436760227e-01
1.794999999999999929e-01 1.410870516715033052e+00 3.078486402036559877e-01
1.799999999999999933e-01 1.410385742753367033e+00 3.077039502091030165e-01
1.804999999999999938e-01 1.409902232930901000e+00 3.075599707059670229e-01
1.809999999999999942e-01 1.409419981195433103e+00 3.074166958073270006e-01
1.814999999999999947e-01 1.408938981534664014e+00 3.072741196924549945e-01
1.819999999999999951e-01 1.408459227975884964e+00 3.071322366058900077e-01
1.824999999999999956e-01 1.407980714585669091e+00 3.069910408565270088e-01
1.829999999999999960e-01 1.407503435469561914e+00 3.068505268167219802e-01
1.834999999999999964e-01 1.407027384771776912e+00 3.067106889214100129e-01
1.839999999999999969e-01 1.406552556674891985e+00 3.065715216672439958e-01
1.844999999999999973e-01 1.406078948699273079e+00 3.064330294081100137e-01
1.849999999999999978e-01 1.405606559812804024e+00 3.062952206577880254e-01
1.854999999999999982e-01 1.405135384268187071e+00 3.061580898259509964e-01
1.859999999999999987e-01 1.404665416318342963e+00 3.060216312745179801e-01
1.864999999999999991e-01 1.404196650253813017e+00 3.058858394289000193e-01
1.869999999999999996e-01 1.403729080402462914e+00 3.057507087771210164e-01
1.875000000000000000e-01 1.403262701129194046e+00 3.056162338689369928e-01
1.880000000000000004e-01 1.402797506835653962e+00 3.054824093149809960e-01
1.885000000000000009e-01 1.402333491959943945e+00 3.053492297859169979e-01
1.890000000000000013e-01 1.401870650976343002e+00 3.052166900116120019e-01
1.895000000000000018e-01 1.401408978395020988e+00 3.050847847803189739e-01
1.900000000000000022e-01 1.400948468761755938e+00 3.049535089378679897e-01
1.905000000000000027e-01 1.400489116657660960e+00 3.048228573868850266e-01
1.910000000000000031e-01 1.400030916698908001e+00 3.046928250860049814e-01
1.915000000000000036e-01 1.399573863536452079e+00 3.045634070491149981e-01
1.920000000000000040e-01 1.399117951855761044e+00 3.044345983445950199e-01
1.925000000000000044e-01 1.398663176376552020e+00 3.043063940945839874e-01
1.930000000000000049e-01 1.398209531852516063e+00 3.041787894742479792e-01
1.935000000000000053e-01 1.397757013071061927e+00 3.040517797110610099e-01
1.940000000000000058e-01 1.397305614853048938e+00 3.039253600841069769e-01
1.945000000000000062e-01 1.396855332052528986e+00 3.037995259233799983e-01
1.950000000000000067e-01 1.396406159556488946e+00 3.036742726091040123e-01
1.955000000000000071e-01 1.395958092284595997e+00 3.035495955710589833e-01
1.960000000000000075e-01 1.395511125188944046e+00 3.034254902879239824e-01
1.965000000000000080e-01 1.395065253253797932e+00 3.033019522866209905e-01
1.970000000000000084e-01 1.394620471495350955e+00 3.031789771416780188e-01
1.975000000000000089e-01 1.394176774961473964e+00 3.030565604746010000e-01
1.980000000000000093e-01 1.393734158731469996e+00 3.029346979532450135e-01
1.985000000000000098e-01 1.393292039180074049e+00 3.028133852317480001e-01
1.990000000000000102e-01 1.392849968917138082e+00 3.026926175293589982e-01
1.995000000000000107e-01 1.392408967554022103e+00 3.025723905277439840e-01
2.000000000000000111e-01 1.391969030291605014e+00 3.024527000801959797e-01
2.005000000000000115e-01 1.391530152360836103e+00 3.023335420833649922e-01
2.010000000000000120e-01 1.391092329022509899e+00 3.022149124766930206e-01
2.015000000000000124e-01 1.390655555567037904e+00 3.020968072418599992e-01
2.020000000000000129e-01 1.390219827314224998e+00 3.019792224022360139e-01
2.025000000000000133e-01 1.389785139613044063e+00 3.018621540223420108e-01
2.030000000000000138e-01 1.389351487841413935e+00 3.017455982073209975e-01
2.035000000000000142e-01 1.388918867405988022e+00 3.016295511024110199e-01
2.040000000000000147e-01 1.388487273741922934e+00 3.015140088924360140e-01
2.045000000000000151e-01 1.388056702312677082e+00 3.013989678012969908e-01
2.050000000000000155e-01 1.387627148609785088e+00 3.012844240914729910e-01
2.055000000000000160e-01 1.387198608152649948e+00 3.011703740635289783e-01
2.060000000000000164e-01 1.386771076488332977e+00 3.010568140556350025e-01
2.065000000000000169e-01 1.386344549191345088e+00 3.009437404430860274e-01
2.070000000000000173e-01 1.385919021863438960e+00 3.008311496378340277e-01
2.075000000000000178e-01 1.385494490133402978e+00 3.007190380880290226e-01
2.080000000000000182e-01 1.385070949656856065e+00 3.006074022775560017e-01
2.084999999999999909e-01 1.384648396116050950e+00 3.004962387255940004e-01
2.089999999999999913e-01 1.384226825219672108e+00 3.003855439861700116e-01
2.094999999999999918e-01 1.383806232702629035e+00 3.002753146477259993e-01
2.099999999999999922e-01 1.383386614325871955e+00 3.001655473326870216e-01
2.104999999999999927e-01 1.382967965876187977e+00 3.000562386970410111e-01
2.109999999999999931e-01 1.382550283166007921e+00 2.999473854299249953e-01
2.114999999999999936e-01 1.382133562033218910e+00 2.998389842532069860e-01
2.119999999999999940e-01 1.381723122073283960e+00 2.997310324827999750e-01
2.124999999999999944e-01 1.381322480142540998e+00 2.996235316625079914e-01
2.129999999999999949e-01 1.380922708077322980e+00 2.995164796135210139e-01
2.134999999999999953e-01 1.380523802416349977e+00 2.994098731084129938e-01
2.139999999999999958e-01 1.380125759717047984e+00 2.993037089513059801e-01
2.144999999999999962e-01 1.379728576555427022e+00 2.991979839774899785e-01
2.149999999999999967e-01 1.379332249525967002e+00 2.990926950530409800e-01
2.154999999999999971e-01 1.378936775241506929e+00 2.989878390744559744e-01
2.159999999999999976e-01 1.378542150333128991e+00 2.988834129682820251e-01
2.164999999999999980e-01 1.378148371450049980e+00 2.987794136907570008e-01
2.169999999999999984e-01 1.377755435259504058e+00 2.986758382274550261e-01
2.174999999999999989e-01 1.377363338446637941e+00 2.985726835929339851e-01
2.179999999999999993e-01 1.376972077714391895e+00 2.984699468303910197e-01
2.184999999999999998e-01 1.376581649783398031e+00 2.983676250113210249e-01
2.190000000000000002e-01 1.376192051391865068e+00 2.982657152351820273e-01
2.195000000000000007e-01 1.375803279295471970e+00 2.981642146290620077e-01
2.200000000000000011e-01 1.375415330267256930e+00 2.980631203473519952e-01
2.205000000000000016e-01 1.375028201097517000e+00 2.979624295714259907e-01
2.210000000000000020e-01 1.374641888593693073e+00 2.978621395093229984e-01
2.215000000000000024e-01 1.374256389580265081e+00 2.977622473954320004e-01
2.220000000000000029e-01 1.373871700898650960e+00 2.976627504901859789e-01
2.225000000000000033e-01 1.373487819407096966e+00 2.975636460797549954e-01
2.230000000000000038e-01 1.373104741980575971e+00 2.974649314757459861e-01
2.235000000000000042e-01 1.372722465510678003e+00 2.973666040149079981e-01
2.240000000000000047e-01 1.372340986905518090e+00 2.972686610588399780e-01
2.245000000000000051e-01 1.371960303089619027e+00 2.971710999937020037e-01
2.250000000000000056e-01 1.371580411003824107e+00 2.970739182299320102e-01
2.255000000000000060e-01 1.371201307605182107e+00 2.969771132019630167e-01
2.260000000000000064e-01 1.370822989866858910e+00 2.968806823679510098e-01
2.265000000000000069e-01 1.370445454778026928e+00 2.967846232094989989e-01
2.270000000000000073e-01 1.370068699343772956e+00 2.966889332313880079e-01
2.275000000000000078e-01 1.369692720584992029e+00 2.965936099613170063e-01
2.280000000000000082e-01 1.369317515538301055e+00 2.964986509496320144e-01
2.285000000000000087e-01 1.368943081255922900e+00 2.964040537690780241e-01
2.290000000000000091e-01 1.368569414805606899e+00 2.963098160145359872e-01
2.295000000000000095e-01 1.368196513270522052e+00 2.962159353027780107e-01
2.300000000000000100e-01 1.367824373749163991e+00 2.961224092722150036e-01
2.305000000000000104e-01 1.367452993355261048e+00 2.960292355826559807e-01
2.310000000000000109e-01 1.367082369217675009e+00 2.959364119150619810e-01
2.315000000000000113e-01 1.366712498480314952e+00 2.958439359713149752e-01
2.320000000000000118e-01 1.366343378302030009e+00 2.957518054739760038e-01
2.325000000000000122e-01 1.365975005856530977e+00 2.956600181660580251e-01
2.330000000000000127e-01 1.365607378332293065e+00 2.955685718107959881e-01
2.335000000000000131e-01 1.365240492932457972e+00 2.954774641914190147e-01
2.340000000000000135e-01 1.364874346874749955e+00 2.953866931109330185e-01
2.345000000000000140e-01 1.364508937391379906e+00 2.952962563918969940e-01
2.350000000000000144e-01 1.364144261728962082e+00 2.952061518762060244e-01
2.355000000000000149e-01 1.363780317148417964e+00 2.951163774248800054e-01
2.360000000000000153e-01 1.363417100924888992e+00 2.950269309178499832e-01
2.365000000000000158e-01 1.363054610347649076e+00 2.949378102537519863e-01
2.370000000000000162e-01 1.362692842720018005e+00 2.948490133497200238e-01
2.375000000000000167e-01 1.362331795359271069e+00 2.947605381411850245e-01
2.380000000000000171e-01 1.361971465596554909e+00 2.946723825816709996e-01
2.385000000000000175e-01 1.361611850776798915e+00 2.945845446425989778e-01
2.390000000000000180e-01 1.361252948258635076e+00 2.944970223130949916e-01
2.395000000000000184e-01 1.360894755414302937e+00 2.944098135997920140e-01
2.399999999999999911e-01 1.360537269629576107e+00 2.943229165266439962e-01
2.404999999999999916e-01 1.360180488303670998e+00 2.942363291347380172e-01
2.409999999999999920e-01 1.359824408849169108e+00 2.941500494821049916e-01
2.414999999999999925e-01 1.359469028691927983e+00 2.940640756435429770e-01
2.419999999999999929e-01 1.359114345271001056e+00 2.939784057104289916e-01
2.424999999999999933e-01 1.358760356038557937e+00 2.938930377905509816e-01
2.429999999999999938e-01 1.358407058459804029e+00 2.938079700079200274e-01
2.434999999999999942e-01 1.358054450012895931e+00 2.937232005026059745e-01
2.439999999999999947e-01 1.357702528188863944e+00 2.936387274305630180e-01
2.444999999999999951e-01 1.357351290491527918e+00 2.935545489634570071e-01
2.449999999999999956e-01 1.357000734437427081e+00 2.934706632885040190e-01
2.454999999999999960e-01 1.356650857555733003e+00 2.933870686083019930e-01
2.459999999999999964e-01 1.356301657388174986e+00 2.933037631406659740e-01
2.464999999999999969e-01 1.355953131488965013e+00 2.932207451184720148e-01
2.469999999999999973e-01 1.355605277424714927e+00 2.931380127894939736e-01
2.474999999999999978e-01 1.355258092774364043e+00 2.930555644162500251e-01
2.479999999999999982e-01 1.354911575129102985e+00 2.929733982758430111e-01
2.484999999999999987e-01 1.354565722092291979e+00 2.928915126598140017e-01
2.489999999999999991e-01 1.354220531279398898e+00 2.928099058739839777e-01
2.494999999999999996e-01 1.353876000317911998e+00 2.927285762383110002e-01
2.500000000000000000e-01 1.353532126847271977e+00 2.926475220867389981e-01
2.505000000000000004e-01 1.353188908518798028e+00 2.925667417670509973e-01
2.510000000000000009e-01 1.352846342995611906e+00 2.924862336407300090e-01
2.515000000000000013e-01 1.352504427952569976e+00 2.924059960828149785e-01
2.520000000000000018e-01 1.352163161076187947e+00 2.923260274817580107e-01
2.525000000000000022e-01 1.351822540064570033e+00 2.922463262392889782e-01
2.530000000000000027e-01 1.351482562627335904e+00 2.921668907702780205e-01
2.535000000000000031e-01 1.351142388590546028e+00 2.920877193590010190e-01
2.540000000000000036e-01 1.350802491349037959e+00 2.920088100874340120e-01
2.545000000000000040e-01 1.350463233683151021e+00 2.919301613964749853e-01
2.550000000000000044e-01 1.350124613336723067e+00 2.918517717567690184e-01
2.555000000000000049e-01 1.349786628064818084e+00 2.917736396514020170e-01
2.560000000000000053e-01 1.349449275633658907e+00 2.916957635757759792e-01
2.565000000000000058e-01 1.349112553820553950e+00 2.916181420374869826e-01
2.570000000000000062e-01 1.348776460413833034e+00 2.915407735561930114e-01
2.575000000000000067e-01 1.348440993212782990e+00 2.914636566634999926e-01
2.580000000000000071e-01 1.348106150027575056e+00 2.913867899028360076e-01
2.585000000000000075e-01 1.347771928679202924e+00 2.913101718293339970e-01
2.590000000000000080e-01 1.347438326999413016e+00 2.912338010097150209e-01
2.595000000000000084e-01 1.347105342830642094e+00 2.911576760221680216e-01
2.600000000000000089e-01 1.346772974025953973e+00 2.910817954562380239e-01
2.605000000000000093e-01 1.346441218448970023e+00 2.910061579127130038e-01
2.610000000000000098e-01 1.346110073973810106e+00 2.909307620035069819e-01
2.615000000000000102e-01 1.345779538485021964e+00 2.908556063515539969e-01
2.620000000000000107e-01 1.345449609877527930e+00 2.907806895906980271e-01
2.625000000000000111e-01 1.345120286056554093e+00 2.907060103655800254e-01
2.630000000000000115e-01 1.344791564937569017e+00 2.906315673315340020e-01
2.635000000000000120e-01 1.344463444446224010e+00 2.905573591544839962e-01
2.640000000000000124e-01 1.344135922518296056e+00 2.904833845108339974e-01
2.645000000000000129e-01 1.343808997099614100e+00 2.904096420873670259e-01
2.650000000000000133e-01 1.343482666146009974e+00 2.903361305811439919e-01
2.655000000000000138e-01 1.343156927623254004e+00 2.902628486994029977e-01
2.660000000000000142e-01 1.342831779506993062e+00 2.901897951594549774e-01
2.665000000000000147e-01 1.342507219782691053e+00 2.901169686885909926e-01
2.670000000000000151e-01 1.342183246445578071e+00 2.900443680239819799e-01
2.675000000000000155e-01 1.341859857500580011e+00 2.899719919125829937e-01
2.680000000000000160e-01 1.341537050962267941e+00 2.898998391110370054e-01
2.685000000000000164e-01 1.341214824854797039e+00 2.898279083855809790e-01
2.690000000000000169e-01 1.340893177211851084e+00 2.897561985119549988e-01
2.695000000000000173e-01 1.340572106076584058e+00 2.896847082753070124e-01
2.700000000000000178e-01 1.340251609501561969e+00 2.896134364701060115e-01
2.705000000000000182e-01 1.339932175389829005e+00 2.895423819157439960e-01
2.710000000000000187e-01 1.339619446364255007e+00 2.894715451303099818e-01
2.715000000000000191e-01 1.339307258267530942e+00 2.894009259966630054e-01
2.720000000000000195e-01 1.338995609349961979e+00 2.893305233162890011e-01
2.725000000000000200e-01 1.338684497869782941e+00 2.892603358998320218e-01
2.730000000000000204e-01 1.338373945083422001e+00 2.891903946301340178e-01
2.735000000000000209e-01 1.338064178613785904e+00 2.891210177055080210e-01
2.740000000000000213e-01 1.337755252661684935e+00 2.890522805329239775e-01
2.745000000000000218e-01 1.337447163086030955e+00 2.889841770860669956e-01
2.750000000000000222e-01 1.337139905773734094e+00 2.889167014058759975e-01
2.755000000000000226e-01 1.336833476639472051e+00 2.888498475996549852e-01
2.760000000000000231e-01 1.336527871625452946e+00 2.887836098401930229e-01
2.765000000000000235e-01 1.336223086701187057e+00 2.887179823648999832e-01
2.770000000000000240e-01 1.335919117863257899e+00 2.886529594749530081e-01
2.775000000000000244e-01 1.335615961135101060e+00 2.885885355344610104e-01
2.780000000000000249e-01 1.335313612566773944e+00 2.885247049696419985e-01
2.785000000000000253e-01 1.335012068234737947e+00 2.884614622680040097e-01
2.790000000000000258e-01 1.334711325467990095e+00 2.883988049587770108e-01
2.795000000000000262e-01 1.334411382601714990e+00 2.883367329945589752e-01
2.800000000000000266e-01 1.334112235775966049e+00 2.882752409738369992e-01
2.805000000000000271e-01 1.333813881110835098e+00 2.882143234435939894e-01
2.810000000000000275e-01 1.333516314752624998e+00 2.881539750114370246e-01
2.815000000000000280e-01 1.333219532873634039e+00 2.880941903448019925e-01
2.820000000000000284e-01 1.332923531671929007e+00 2.880349641701610008e-01
2.825000000000000289e-01 1.332628307371132914e+00 2.879762912722479973e-01
2.830000000000000293e-01 1.332333856220204948e+00 2.879181664932949913e-01
2.835000000000000298e-01 1.332040174493229978e+00 2.878605847322779909e-01
2.840000000000000302e-01 1.331747258489208052e+00 2.878035409441769832e-01
2.845000000000000306e-01 1.331455104531843903e+00 2.877470301392460184e-01
2.850000000000000311e-01 1.331163708969339110e+00 2.876910473822930081e-01
2.855000000000000315e-01 1.330873068174188045e+00 2.876355877919750115e-01
2.860000000000000320e-01 1.330583178542976031e+00 2.875806465400990164e-01
2.865000000000000324e-01 1.330294036496177057e+00 2.875262188509379868e-01
2.870000000000000329e-01 1.330005638477959051e+00 2.874723000005520168e-01
2.875000000000000333e-01 1.329717980955980039e+00 2.874188853161239732e-01
2.880000000000000338e-01 1.329431060421198962e+00 2.873659701753050189e-01
2.884999999999999787e-01 1.329144873387684056e+00 2.873135500055660208e-01
2.889999999999999791e-01 1.328859416392415005e+00 2.872616202835630017e-01
2.894999999999999796e-01 1.328574685995099980e+00 2.872101765345119739e-01
2.899999999999999800e-01 1.328290678777986011e+00 2.871592143315679913e-01
2.904999999999999805e-01 1.328007391345676025e+00 2.871087292952190229e-01
2.909999999999999809e-01 1.327724820324942101e+00 2.870587170926869880e-01
2.914999999999999813e-01 1.327442962364544066e+00 2.870091734373370063e-01
2.919999999999999818e-01 1.327161814135054962e+00 2.869600940880959739e-01
2.924999999999999822e-01 1.326881372328674979e+00 2.869114748488800215e-01
2.929999999999999827e-01 1.326601633659060031e+00 2.868633115680280232e-01
2.934999999999999831e-01 1.326322594861149007e+00 2.868156001377459852e-01
2.939999999999999836e-01 1.326044252690983027e+00 2.867683364935639800e-01
2.944999999999999840e-01 1.325766603925542908e+00 2.867215166137859761e-01
2.949999999999999845e-01 1.325489645362575075e+00 2.866751365189679768e-01
2.954999999999999849e-01 1.325213373820423035e+00 2.866291922713850027e-01
2.959999999999999853e-01 1.324937786137865059e+00 2.865836799745200003e-01
2.964999999999999858e-01 1.324662879173944985e+00 2.865385957725529731e-01
2.969999999999999862e-01 1.324388649807809015e+00 2.864939358498549971e-01
2.974999999999999867e-01 1.324115094938548065e+00 2.864496964305000004e-01
2.979999999999999871e-01 1.323842211485037890e+00 2.864058737777709918e-01
2.984999999999999876e-01 1.323569996385776104e+00 2.863624641936849957e-01
2.989999999999999880e-01 1.323298446598728084e+00 2.863194640185129924e-01
2.994999999999999885e-01 1.323027559101173090e+00 2.862768696303180094e-01
2.999999999999999889e-01 1.322757330889545058e+00 2.862346774444909925e-01
3.004999999999999893e-01 1.322487758979286054e+00 2.861928839133000002e-01
3.009999999999999898e-01 1.322218840404693951e+00 2.861514855254410072e-01
3.014999999999999902e-01 1.321950572218768993e+00 2.861104788055959802e-01
3.019999999999999907e-01 1.321682951493069025e+00 2.860698603140020002e-01
3.024999999999999911e-01 1.321415975317560942e+00 2.860296266460159997e-01
3.029999999999999916e-01 1.321149640800479919e+00 2.859897744316989843e-01
3.034999999999999920e-01 1.320883945068179965e+00 2.859503003353929818e-01
3.039999999999999925e-01 1.320618885264992937e+00 2.859112010553149785e-01
3.044999999999999929e-01 1.320354458553087973e+00 2.858724733231510218e-01
3.049999999999999933e-01 1.320090662112330060e+00 2.858341139036519873e-01
3.054999999999999938e-01 1.319827493140145913e+00 2.857961195942460009e-01
3.059999999999999942e-01 1.319564948851378983e+00 2.857584872246459740e-01
3.064999999999999947e-01 1.319303026478160890e+00 2.857212136564670213e-01
3.069999999999999951e-01 1.319041723269771094e+00 2.856842957828499840e-01
3.074999999999999956e-01 1.318781036492508107e+00 2.856477305280870072e-01
3.079999999999999960e-01 1.318520963429552939e+00 2.856115148472569976e-01
3.084999999999999964e-01 1.318261501380842082e+00 2.855756457258589731e-01
3.089999999999999969e-01 1.318002647662928961e+00 2.855401201794570132e-01
3.094999999999999973e-01 1.317744399608870909e+00 2.855049352533289841e-01
3.099999999999999978e-01 1.317486754568087948e+00 2.854700880221159864e-01
3.104999999999999982e-01 1.317229709906239998e+00 2.854355755894810165e-01
3.109999999999999987e-01 1.316973263005104089e+00 2.854013950877710148e-01
3.114999999999999991e-01 1.316717411262450899e+00 2.853675436776800245e-01
3.119999999999999996e-01 1.316462152091919080e+00 2.853340185479260049e-01
3.125000000000000000e-01 1.316207482922894023e+00 2.853008169149179873e-01
3.130000000000000004e-01 1.315953401200387951e+00 2.852679360224429916e-01
3.135000000000000009e-01 1.315699904384924013e+00 2.852353731413470039e-01
3.140000000000000013e-01 1.315446989952409051e+00 2.852031255692200062e-01
3.145000000000000018e-01 1.315194655394029022e+00 2.851711906300949950e-01
3.150000000000000022e-01 1.314942898216117095e+00 2.851395656741380069e-01
3.155000000000000027e-01 1.314691715940053074e+00 2.851082480773540206e-01
3.160000000000000031e-01 1.314441106102137935e+00 2.850772352412869748e-01
3.165000000000000036e-01 1.314191066253491913e+00 2.850465245927309987e-01
3.170000000000000040e-01 1.313941593959929932e+00 2.850161135834409776e-01
3.175000000000000044e-01 1.313692686801863907e+00 2.849859996898500003e-01
3.180000000000000049e-01 1.313444342374179064e+00 2.849561804127889730e-01
3.185000000000000053e-01 1.313196558286136906e+00 2.849266532772090077e-01
3.190000000000000058e-01 1.312949332161261085e+00 2.848974158319110273e-01
3.195000000000000062e-01 1.312702661637225043e+00 2.848684656492749823e-01
3.200000000000000067e-01 1.312456544365758981e+00 2.848398003249920096e-01
3.205000000000000071e-01 1.312210978012535945e+00 2.848114174778070273e-01
3.210000000000000075e-01 1.311965960257065023e+00 2.847833147492560002e-01
3.215000000000000080e-01 1.311721488792598977e+00 2.847554898034119764e-01
3.220000000000000084e-01 1.311477561326019003e+00 2.847279403266350095e-01
3.225000000000000089e-01 1.311234175577741912e+00 2.847006640273200273e-01
3.230000000000000093e-01 1.310991329281617990e+00 2.846736586356499732e-01
3.235000000000000098e-01 1.310749020184827973e+00 2.846469219033619935e-01
3.240000000000000102e-01 1.310507246047788010e+00 2.846204516034970267e-01
3.245000000000000107e-01 1.310266004644049964e+00 2.845942455301699869e-01
3.250000000000000111e-01 1.310025293760203935e+00 2.845683014983370063e-01
3.255000000000000115e-01 1.309785111195783003e+00 2.845426173435620099e-01
3.260000000000000120e-01 1.309545454763167971e+00 2.845171909217940054e-01
3.265000000000000124e-01 1.309306322287492108e+00 2.844920201091359901e-01
3.270000000000000129e-01 1.309067711606547002e+00 2.844671028016320102e-01
3.275000000000000133e-01 1.308829620570693075e+00 2.844424369150390097e-01
3.280000000000000138e-01 1.308592047042760997e+00 2.844180203846219945e-01
3.285000000000000142e-01 1.308354988897969085e+00 2.843938511649299894e-01
3.290000000000000147e-01 1.308118444023822935e+00 2.843699272295939773e-01
3.295000000000000151e-01 1.307882410320035049e+00 2.843462465711140141e-01
3.300000000000000155e-01 1.307646885698428907e+00 2.843228072006590001e-01
3.305000000000000160e-01 1.307411868082857920e+00 2.842996071478570141e-01
3.310000000000000164e-01 1.307177355409109953e+00 2.842766444606020237e-01
3.315000000000000169e-01 1.306943345624824948e+00 2.842539172048549889e-01
3.320000000000000173e-01 1.306709836689414095e+00 2.842314234644460202e-01
3.325000000000000178e-01 1.306476826573961914e+00 2.842091613408839756e-01
3.330000000000000182e-01 1.306244313261154089e+00 2.841871289531670008e-01
3.335000000000000187e-01 1.306012294745189983e+00 2.841653244375930143e-01
3.340000000000000191e-01 1.305780769031694932e+00 2.841437459475760208e-01
3.345000000000000195e-01 1.305549734137646078e+00 2.841223916534599825e-01
3.350000000000000200e-01 1.305319188091283999e+00 2.841012597423430153e-01
3.355000000000000204e-01 1.305089128932038101e+00 2.840803484178939797e-01
3.360000000000000209e-01 1.304859554710442016e+00 2.840596559001770105e-01
3.365000000000000213e-01 1.304630463488051895e+00 2.840391804254809860e-01
3.370000000000000218e-01 1.304401853337378903e+00 2.840189202461410045e-01
3.375000000000000222e-01 1.304173722341795960e+00 2.839988736303750150e-01
3.380000000000000226e-01 1.303946068595472019e+00 2.839790388621110107e-01
3.385000000000000231e-01 1.303718890203289904e+00 2.839594142408249922e-01
3.390000000000000235e-01 1.303492185280771043e+00 2.839399980813719915e-01
3.395000000000000240e-01 1.303265951954001078e+00 2.839207887138319730e-01
3.400000000000000244e-01 1.303040188359555929e+00 2.839017844833420234e-01
3.405000000000000249e-01 1.302814892644422962e+00 2.838829837499429742e-01
3.410000000000000253e-01 1.302590062965935935e+00 2.838643848884219723e-01
3.415000000000000258e-01 1.302365697491689955e+00 2.838459862881599904e-01
3.420000000000000262e-01 1.302141794399481078e+00 2.838277863529770073e-01
3.425000000000000266e-01 1.301918351877225932e+00 2.838097835009840142e-01
3.430000000000000271e-01 1.301695368122899987e+00 2.837919761644330241e-01
3.435000000000000275e-01 1.301472841344454956e+00 2.837743627895710219e-01
3.440000000000000280e-01 1.301250769759759063e+00 2.837569418364930263e-01
3.445000000000000284e-01 1.301029151596521993e+00 2.837397117790019796e-01
3.450000000000000289e-01 1.300807985092228947e+00 2.837226711044649741e-01
3.455000000000000293e-01 1.300587268494070914e+00 2.837058183136739742e-01
3.460000000000000298e-01 1.300367000058880063e+00 2.836891519207069834e-01
3.465000000000000302e-01 1.300147178053058017e+00 2.836726704527929854e-01
3.470000000000000306e-01 1.299927800752511908e+00 2.836563724501739991e-01
3.475000000000000311e-01 1.299708866442589983e+00 2.836402564659770142e-01
3.480000000000000315e-01 1.299490373418012990e+00 2.836243210660759906e-01
3.485000000000000320e-01 1.299272325918245929e+00 2.836085648285699978e-01
3.490000000000000324e-01 1.299054745126891897e+00 2.835929863321399735e-01
3.495000000000000329e-01 1.298837599340993965e+00 2.835775841751350113e-01
3.500000000000000333e-01 1.298620886916705963e+00 2.835623569739579852e-01
3.505000000000000338e-01 1.298404606218884982e+00 2.835473033570989898e-01
3.510000000000000342e-01 1.298188755621048074e+00 2.835324219650219857e-01
3.515000000000000346e-01 1.297973333505300975e+00 2.835177114500330164e-01
3.519999999999999796e-01 1.297758338262291034e+00 2.835031704761700189e-01
3.524999999999999800e-01 1.297543768291147925e+00 2.834887977190799768e-01
3.529999999999999805e-01 1.297329621999427918e+00 2.834745918659020147e-01
3.534999999999999809e-01 1.297115897803057027e+00 2.834605516151559867e-01
3.539999999999999813e-01 1.296902594126283059e+00 2.834466756766240159e-01
3.544999999999999818e-01 1.296689709401608104e+00 2.834329627712410260e-01
3.549999999999999822e-01 1.296477242069747904e+00 2.834194116309829981e-01
3.554999999999999827e-01 1.296265190579571902e+00 2.834060209987550039e-01
3.559999999999999831e-01 1.296053553388047952e+00 2.833927896282830150e-01
3.564999999999999836e-01 1.295842328960193912e+00 2.833797162840079875e-01
3.569999999999999840e-01 1.295631515769023023e+00 2.833667997409800021e-01
3.574999999999999845e-01 1.295421112295495059e+00 2.833540387847500175e-01
3.579999999999999849e-01 1.295211117028457037e+00 2.833414322112680073e-01
3.584999999999999853e-01 1.295001528464601037e+00 2.833289788267779885e-01
3.589999999999999858e-01 1.294792345108406906e+00 2.833166774477229866e-01
3.594999999999999862e-01 1.294583565472096076e+00 2.833045269006370104e-01
3.599999999999999867e-01 1.294375188075576943e+00 2.832925260220480190e-01
3.604999999999999871e-01 1.294167211446400012e+00 2.832806736583829976e-01
3.609999999999999876e-01 1.293959634119705937e+00 2.832689686658689809e-01
3.614999999999999880e-01 1.293752454638176896e+00 2.832574099104340215e-01
3.619999999999999885e-01 1.293545671551989074e+00 2.832459962676159848e-01
3.624999999999999889e-01 1.293339283418760921e+00 2.832347266224700122e-01
3.629999999999999893e-01 1.293133288803512082e+00 2.832235998694719870e-01
3.634999999999999898e-01 1.292927686278606991e+00 2.832126149124269965e-01
3.639999999999999902e-01 1.292722474423714019e+00 2.832017706643830124e-01
3.644999999999999907e-01 1.292517651825759950e+00 2.831910660475370212e-01
3.649999999999999911e-01 1.292313217078880028e+00 2.831804999931469835e-01
3.654999999999999916e-01 1.292109168784371098e+00 2.831700714414470132e-01
3.659999999999999920e-01 1.291905505550646094e+00 2.831597793415580044e-01
3.664999999999999925e-01 1.291702225993192954e+00 2.831496226513999792e-01
3.669999999999999929e-01 1.291499328734527108e+00 2.831396003376149828e-01
3.674999999999999933e-01 1.291296812404145067e+00 2.831297113754729922e-01
3.679999999999999938e-01 1.291094675638480016e+00 2.831199547487969759e-01
3.684999999999999942e-01 1.290892917080862068e+00 2.831103294498790168e-01
3.689999999999999947e-01 1.290691535381468968e+00 2.831008344793939924e-01
3.694999999999999951e-01 1.290490529197287017e+00 2.830914688463290196e-01
3.699999999999999956e-01 1.290289897192065993e+00 2.830822315678960255e-01
3.704999999999999960e-01 1.290089638036278963e+00 2.830731216694549746e-01
3.709999999999999964e-01 1.289889750407074098e+00 2.830641381844409832e-01
3.714999999999999969e-01 1.289690232988236929e+00 2.830552801542809971e-01
3.719999999999999973e-01 1.289491084470149929e+00 2.830465466283220155e-01
3.724999999999999978e-01 1.289292303549748997e+00 2.830379366637539862e-01
3.729999999999999982e-01 1.289093888930479048e+00 2.830294493255389732e-01
3.734999999999999987e-01 1.288895839322260040e+00 2.830210836863319979e-01
3.739999999999999991e-01 1.288698153441439898e+00 2.830128388264149808e-01
3.744999999999999996e-01 1.288500830010758991e+00 2.830047138336180268e-01
3.750000000000000000e-01 1.288303867759309052e+00 2.829967078032539773e-01
3.755000000000000004e-01 1.288107265422490100e+00 2.829888198380460240e-01
3.760000000000000009e-01 1.287911021741974915e+00 2.829810490480569873e-01
3.765000000000000013e-01 1.287715135465669958e+00 2.829733945506229809e-01
3.770000000000000018e-01 1.287519605347672069e+00 2.829658554702820239e-01
3.775000000000000022e-01 1.287324430148244048e+00 2.829584309387109808e-01
3.780000000000000027e-01 1.287129608633748035e+00 2.829511200946540073e-01
3.785000000000000031e-01 1.286935139576629084e+00 2.829439220838619873e-01
3.790000000000000036e-01 1.286741021755388958e+00 2.829368360590229781e-01
3.795000000000000040e-01 1.286547253954521075e+00 2.829298611796979834e-01
3.800000000000000044e-01 1.286353834964484077e+00 2.829229966122620010e-01
3.805000000000000049e-01 1.286160763581670974e+00 2.829162415298340227e-01
3.810000000000000053e-01 1.285968038608364949e+00 2.829095951122210240e-01
3.815000000000000058e-01 1.285775658852716941e+00 2.829030565458480195e-01
3.820000000000000062e-01 1.285583623128681907e+00 2.828966250237059943e-01
3.825000000000000067e-01 1.285391930256017057e+00 2.828902997452900081e-01
3.830000000000000071e-01 1.285200579060215897e+00 2.828840799165299735e-01
3.835000000000000075e-01 1.285009568372496913e+00 2.828779647497480232e-01
3.840000000000000080e-01 1.284818897029744944e+00 2.828719534635820154e-01
3.845000000000000084e-01 1.284628563874504970e+00 2.828660452829300231e-01
3.850000000000000089e-01 1.284438567754921934e+00 2.828602394389049812e-01
3.855000000000000093e-01 1.284248907524718097e+00 2.828545351687790088e-01
3.860000000000000098e-01 1.284059582043125980e+00 2.828489317158999761e-01
3.865000000000000102e-01 1.283870590174984061e+00 2.828434283296820118e-01
3.870000000000000107e-01 1.283681930790488979e+00 2.828380242655019750e-01
3.875000000000000111e-01 1.283493602765356956e+00 2.828327187846870205e-01
3.880000000000000115e-01 1.283305604980665926e+00 2.828275111544100162e-01
3.885000000000000120e-01 1.283117936322879071e+00 2.828224006476919850e-01
3.890000000000000124e-01 1.282930595683803077e+00 2.828173865433220024e-01
3.895000000000000129e-01 1.282743581960616996e+00 2.828124681258060158e-01
3.900000000000000133e-01 1.282556894055675079e+00 2.828076446853109993e-01
3.905000000000000138e-01 1.282370530876655979e+00 2.828029155176269849e-01
3.910000000000000142e-01 1.282184491336423093e+00 2.827982799241010037e-01
3.915000000000000147e-01 1.281998774353015014e+00 2.827937372115920112e-01
3.920000000000000151e-01 1.281813378849639973e+00 2.827892866924420212e-01
3.925000000000000155e-01 1.281628303754615006e+00 2.827849276843850124e-01
3.930000000000000160e-01 1.281443548001365063e+00 2.827806595105409881e-01
3.935000000000000164e-01 1.281259110528363054e+00 2.827764814993399822e-01
3.940000000000000169e-01 1.281074990279108095e+00 2.827723929844849771e-01
3.945000000000000173e-01 1.280891186202075982e+00 2.827683933049189857e-01
3.950000000000000178e-01 1.280707697250774935e+00 2.827644818047320152e-01
3.955000000000000182e-01 1.280524522383595043e+00 2.827606578331740006e-01
3.960000000000000187e-01 1.280341660563893980e+00 2.827569207445679855e-01
3.965000000000000191e-01 1.280159110759844010e+00 2.827532698982819781e-01
3.970000000000000195e-01 1.279976871944493055e+00 2.827497046586779916e-01
3.975000000000000200e-01 1.279794943095746929e+00 2.827462243950710219e-01
3.980000000000000204e-01 1.279613323196272079e+00 2.827428284816940196e-01
3.985000000000000209e-01 1.279432011233512023e+00 2.827395162976319987e-01
3.990000000000000213e-01 1.279251006199638940e+00 2.827362872267940030e-01
3.995000000000000218e-01 1.279070307091539904e+00 2.827331406578699746e-01
4.000000000000000222e-01 1.278889912910798898e+00 2.827300759842960032e-01
4.005000000000000226e-01 1.278709822663621098e+00 2.827270926041899890e-01
4.010000000000000231e-01 1.278530035360895933e+00 2.827241899203349895e-01
4.015000000000000235e-01 1.278350550018038989e+00 2.827213673401159921e-01
4.020000000000000240e-01 1.278171365655085934e+00 2.827186242755009848e-01
4.025000000000000244e-01 1.277992481296623017e+00 2.827159601429949931e-01
4.030000000000000249e-01 1.277813895971726899e+00 2.827133743635850127e-01
4.035000000000000253e-01 1.277635608713987958e+00 2.827108663627149743e-01
4.040000000000000258e-01 1.277457618561455011e+00 2.827084355702539908e-01
4.045000000000000262e-01 1.277279924556617097e+00 2.827060814204370165e-01
4.050000000000000266e-01 1.277102525746387940e+00 2.827038033518439741e-01
4.055000000000000271e-01 1.276925421182043996e+00 2.827016008073510167e-01
4.060000000000000275e-01 1.276748609919251987e+00 2.826994732341079897e-01
4.065000000000000280e-01 1.276572091018012944e+00 2.826974200834809769e-01
4.070000000000000284e-01 1.276395863542610920e+00 2.826954408110329831e-01
4.075000000000000289e-01 1.276219926561660944e+00 2.826935348764780254e-01
4.080000000000000293e-01 1.276044279148009997e+00 2.826917017436579860e-01
4.085000000000000298e-01 1.275868920378744109e+00 2.826899408804789959e-01
4.090000000000000302e-01 1.275693849335181929e+00 2.826882517589109911e-01
4.095000000000000306e-01 1.275519065102800109e+00 2.826866338549309798e-01
4.100000000000000311e-01 1.275344566771273058e+00 2.826850866484980074e-01
4.105000000000000315e-01 1.275170353434391890e+00 2.826836096235080253e-01
4.110000000000000320e-01 1.274996424190075084e+00 2.826822022677760171e-01
4.115000000000000324e-01 1.274822778140330959e+00 2.826808640729849831e-01
4.120000000000000329e-01 1.274649414391235025e+00 2.826795945346720074e-01
4.125000000000000333e-01 1.274476332052917105e+00 2.826783931521750226e-01
4.130000000000000338e-01 1.274303530239514926e+00 2.826772594286179885e-01
4.135000000000000342e-01 1.274131008069179005e+00 2.826761928708699800e-01
4.140000000000000346e-01 1.273958764664024912e+00 2.826751929895139903e-01
4.145000000000000351e-01 1.273786799150131932e+00 2.826742592988160108e-01
4.150000000000000355e-01 1.273615110657507987e+00 2.826733913166890044e-01
4.155000000000000360e-01 1.273443698320064987e+00 2.826725885646749759e-01
4.160000000000000364e-01 1.273272561275609949e+00 2.826718505678990079e-01
4.164999999999999813e-01 1.273101698665805914e+00 2.826711768550509984e-01
4.169999999999999818e-01 1.272931109636161962e+00 2.826705669583460256e-01
4.174999999999999822e-01 1.272760793336003893e+00 2.826700204135029759e-01
4.179999999999999827e-01 1.272590748918464021e+00 2.826695367597070185e-01
4.184999999999999831e-01 1.272420975540444976e+00 2.826691155395890109e-01
4.189999999999999836e-01 1.272251472362605940e+00 2.826687562991879732e-01
4.194999999999999840e-01 1.272082238549343991e+00 2.826684585879279954e-01
4.199999999999999845e-01 1.271913273268765909e+00 2.826682219585899825e-01
4.204999999999999849e-01 1.271744575692675072e+00 2.826680459672800128e-01
4.209999999999999853e-01 1.271576144996539037e+00 2.826679301734030259e-01
4.214999999999999858e-01 1.271407980359483991e+00 2.826678741396360106e-01
4.219999999999999862e-01 1.271240080964262997e+00 2.826678774319010268e-01
4.224999999999999867e-01 1.271072445997238898e+00 2.826679396193370053e-01
4.229999999999999871e-01 1.270905074648364996e+00 2.826680602742729920e-01
4.234999999999999876e-01 1.270737966111165074e+00 2.826682389722020017e-01
4.239999999999999880e-01 1.270571119582708075e+00 2.826684752917539845e-01
4.244999999999999885e-01 1.270404534263597007e+00 2.826687688146720112e-01
4.249999999999999889e-01 1.270238209357942072e+00 2.826691191257840186e-01
4.254999999999999893e-01 1.270072144073344900e+00 2.826695258129779953e-01
4.259999999999999898e-01 1.269906337620879011e+00 2.826699884671760032e-01
4.264999999999999902e-01 1.269740789215064947e+00 2.826705066823109735e-01
4.269999999999999907e-01 1.269575498073860054e+00 2.826710800553010050e-01
4.274999999999999911e-01 1.269410463418630064e+00 2.826717081860239955e-01
4.279999999999999916e-01 1.269245684474143099e+00 2.826723906772939943e-01
4.284999999999999920e-01 1.269081160468535918e+00 2.826731271348359997e-01
4.289999999999999925e-01 1.268916890633301930e+00 2.826739171672639772e-01
4.294999999999999929e-01 1.268752874203268100e+00 2.826747603860549907e-01
4.299999999999999933e-01 1.268589110416592058e+00 2.826756564055269982e-01
4.304999999999999938e-01 1.268425598514727914e+00 2.826766048428169809e-01
4.309999999999999942e-01 1.268262337742408041e+00 2.826776053178540193e-01
4.314999999999999947e-01 1.268099327347631977e+00 2.826786574533389773e-01
4.319999999999999951e-01 1.267936566581651991e+00 2.826797608747210200e-01
4.324999999999999956e-01 1.267774054698936892e+00 2.826809152101800171e-01
4.329999999999999960e-01 1.267611790957188012e+00 2.826821200905960119e-01
4.334999999999999964e-01 1.267449774617271929e+00 2.826833751495290148e-01
4.339999999999999969e-01 1.267288004943255109e+00 2.826846800232060142e-01
4.344999999999999973e-01 1.267126481202349053e+00 2.826860343504900008e-01
4.349999999999999978e-01 1.266965202664910972e+00 2.826874377728589849e-01
4.354999999999999982e-01 1.266804168604426017e+00 2.826888899343900086e-01
4.359999999999999987e-01 1.266643378297469091e+00 2.826903904817339996e-01
4.364999999999999991e-01 1.266482831023725053e+00 2.826919390640990071e-01
4.369999999999999996e-01 1.266322526065950083e+00 2.826935353332230005e-01
4.375000000000000000e-01 1.266162462709955916e+00 2.826951789433589934e-01
4.380000000000000004e-01 1.266002640244588973e+00 2.826968695512530050e-01
4.385000000000000009e-01 1.265843057961705931e+00 2.826986068161240206e-01
4.390000000000000013e-01 1.265683715156205924e+00 2.827003903996460066e-01
4.395000000000000018e-01 1.265524611125937948e+00 2.827022199659219859e-01
4.400000000000000022e-01 1.265365745171765033e+00 2.827040951814749903e-01
4.405000000000000027e-01 1.265207116597482973e+00 2.827060157152149755e-01
4.410000000000000031e-01 1.265048724709824990e+00 2.827079812384379887e-01
4.415000000000000036e-01 1.264890568818465955e+00 2.827099914247869772e-01
4.420000000000000040e-01 1.264732648236001955e+00 2.827120459502440175e-01
4.425000000000000044e-01 1.264574962277889014e+00 2.827141444931109970e-01
4.430000000000000049e-01 1.264417510262493050e+00 2.827162867339970131e-01
4.435000000000000053e-01 1.264260291511049017e+00 2.827184723557810142e-01
4.440000000000000058e-01 1.264103305347612061e+00 2.827207010436120216e-01
4.445000000000000062e-01 1.263946551099075055e+00 2.827229724848949743e-01
4.450000000000000067e-01 1.263790028095179041e+00 2.827252863692469864e-01
4.455000000000000071e-01 1.263633735668433955e+00 2.827276423885010104e-01
4.460000000000000075e-01 1.263477673154169034e+00 2.827300402366870191e-01
4.465000000000000080e-01 1.263321839890457987e+00 2.827324796100060267e-01
4.470000000000000084e-01 1.263166235218142974e+00 2.827349602068179868e-01
4.475000000000000089e-01 1.263010858480803078e+00 2.827374817276340213e-01
4.480000000000000093e-01 1.262855709024766071e+00 2.827400438750660161e-01
4.485000000000000098e-01 1.262700786199066894e+00 2.827426463538599832e-01
4.490000000000000102e-01 1.262546089355421897e+00 2.827452888708399947e-01
4.495000000000000107e-01 1.262391617848253045e+00 2.827479711349100144e-01
4.500000000000000111e-01 1.262237371034665045e+00 2.827506928570249767e-01
4.505000000000000115e-01 1.262083348274396055e+00 2.827534537501900092e-01
4.510000000000000120e-01 1.261929548929836109e+00 2.827562535294300128e-01
4.515000000000000124e-01 1.261775972365986931e+00 2.827590919117810020e-01
4.520000000000000129e-01 1.261622617950503011e+00 2.827619686162810009e-01
4.525000000000000133e-01 1.261469485053628992e+00 2.827648833639450077e-01
4.530000000000000138e-01 1.261316573048163026e+00 2.827678358777390155e-01
4.535000000000000142e-01 1.261163881309544932e+00 2.827708258825959997e-01
4.540000000000000147e-01 1.261011409215690993e+00 2.827738531053710092e-01
4.545000000000000151e-01 1.260859156147126958e+00 2.827769172748419990e-01
4.550000000000000155e-01 1.260707121486899007e+00 2.827800181216800213e-01
4.555000000000000160e-01 1.260555304620573969e+00 2.827831553784619922e-01
4.560000000000000164e-01 1.260403704936200020e+00 2.827863287796210101e-01
4.565000000000000169e-01 1.260252321824363086e+00 2.827895380614670051e-01
4.570000000000000173e-01 1.260101154678102908e+00 2.827927829621350031e-01
4.575000000000000178e-01 1.259950202892919036e+00 2.827960632216059977e-01
4.580000000000000182e-01 1.259796956445407012e+00 2.827993788577419787e-01
4.585000000000000187e-01 1.259642495998789968e+00 2.828027304676050124e-01
4.590000000000000191e-01 1.259488260526854919e+00 2.828061178442979884e-01
4.595000000000000195e-01 1.259334249387701110e+00 2.828095407232100178e-01
4.600000000000000200e-01 1.259180461942080109e+00 2.828129988415910012e-01
4.605000000000000204e-01 1.259026897553368052e+00 2.828164919385580123e-01
4.610000000000000209e-01 1.258873555587590953e+00 2.828200197550579942e-01
4.615000000000000213e-01 1.258720435413374084e+00 2.828235820338870221e-01
4.620000000000000218e-01 1.258567536401959064e+00 2.828271785196250221e-01
4.625000000000000222e-01 1.258414857927173003e+00 2.828308089586700214e-01
4.630000000000000226e-01 1.258262399365394080e+00 2.828344730992020106e-01
4.635000000000000231e-01 1.258110160095571972e+00 2.828381706911820004e-01
4.640000000000000235e-01 1.257958139499206984e+00 2.828419014863089997e-01
4.645000000000000240e-01 1.257806336960320071e+00 2.828456652380390013e-01
4.650000000000000244e-01 1.257654751865451948e+00 2.828494617015450130e-01
4.655000000000000249e-01 1.257503383603651992e+00 2.828532906337489772e-01
4.660000000000000253e-01 1.257352231566478906e+00 2.828571517932320090e-01
4.665000000000000258e-01 1.257201295147956976e+00 2.828610449403050064e-01
4.670000000000000262e-01 1.257050573744564081e+00 2.828649698369249954e-01
4.675000000000000266e-01 1.256900066755261003e+00 2.828689262467429799e-01
4.680000000000000271e-01 1.256749773581417928e+00 2.828729139350389943e-01
4.685000000000000275e-01 1.256599693626839986e+00 2.828769326687399777e-01
4.690000000000000280e-01 1.256449826297767025e+00 2.828809822163960153e-01
4.695000000000000284e-01 1.256300171002824984e+00 2.828850623481850013e-01
4.700000000000000289e-01 1.256150727153044100e+00 2.828891728358720048e-01
4.705000000000000293e-01 1.256001494161798071e+00 2.828933134528129889e-01
4.710000000000000298e-01 1.255852471444897089e+00 2.828974839739559766e-01
4.715000000000000302e-01 1.255703658420423974e+00 2.829016841757859835e-01
4.720000000000000306e-01 1.255555054508844970e+00 2.829059138363689829e-01
4.725000000000000311e-01 1.255406659132942915e+00 2.829101727352930085e-01
4.730000000000000315e-01 1.255258471717850099e+00 2.829144606536829754e-01
4.735000000000000320e-01 1.255110491690927921e+00 2.829187773741850265e-01
4.740000000000000324e-01 1.254962718481934081e+00 2.829231226809479915e-01
4.745000000000000329e-01 1.254815151522838956e+00 2.829274963596170034e-01
4.750000000000000333e-01 1.254667790247874004e+00 2.829318981973150127e-01
4.755000000000000338e-01 1.254520634093555076e+00 2.829363279826380140e-01
4.760000000000000342e-01 1.254373682498671982e+00 2.829407855056459975e-01
4.765000000000000346e-01 1.254226934904193014e+00 2.829452705578640037e-01
4.770000000000000351e-01 1.254080390753361973e+00 2.829497829322270008e-01
4.775000000000000355e-01 1.253934049491600033e+00 2.829543224231220178e-01
4.780000000000000360e-01 1.253787910566537045e+00 2.829588888263420143e-01
4.785000000000000364e-01 1.253641973427984002e+00 2.829634819390789979e-01
4.790000000000000369e-01 1.253496237527947033e+00 2.829681015599330163e-01
4.795000000000000373e-01 1.253350702320600085e+00 2.829727474888880101e-01
4.799999999999999822e-01 1.253205367262266945e+00 2.829774195273019877e-01
4.804999999999999827e-01 1.253060231811423009e+00 2.829821174779120208e-01
4.809999999999999831e-01 1.252915295428657094e+00 2.829868411447690191e-01
4.814999999999999836e-01 1.252770557576696975e+00 2.829915903333050098e-01
4.819999999999999840e-01 1.252626017720416041e+00 2.829963648502840101e-01
4.824999999999999845e-01 1.252481675326714949e+00 2.830011645037689982e-01
4.829999999999999849e-01 1.252337529864673948e+00 2.830059891031709851e-01
4.834999999999999853e-01 1.252193580805349038e+00 2.830108384591820125e-01
4.839999999999999858e-01 1.252049827621968037e+00 2.830157123837809818e-01
4.844999999999999862e-01 1.251906269789772930e+00 2.830206106902620200e-01
4.849999999999999867e-01 1.251762906786054952e+00 2.830255331931699758e-01
4.854999999999999871e-01 1.251619738090155032e+00 2.830304797083340040e-01
4.859999999999999876e-01 1.251476763183442920e+00 2.830354500528269868e-01
4.864999999999999880e-01 1.251333981549290986e+00 2.830404440449669767e-01
4.869999999999999885e-01 1.251191392673097980e+00 2.830454615043129785e-01
4.874999999999999889e-01 1.251048996042289918e+00 2.830505022516580094e-01
4.879999999999999893e-01 1.250906791146205954e+00 2.830555661090120023e-01
4.884999999999999898e-01 1.250764777476218947e+00 2.830606528995879834e-01
4.889999999999999902e-01 1.250622954525657970e+00 2.830657624478060130e-01
4.894999999999999907e-01 1.250481321789818967e+00 2.830708945792910214e-01
4.899999999999999911e-01 1.250339878765921009e+00 2.830760491208320073e-01
4.904999999999999916e-01 1.250198624953172022e+00 2.830812259004010234e-01
4.909999999999999920e-01 1.250057559852677080e+00 2.830864247471480133e-01
4.914999999999999925e-01 1.249916682967447956e+00 2.830916454913680047e-01
4.919999999999999929e-01 1.249775993802417995e+00 2.830968879645059944e-01
4.924999999999999933e-01 1.249635491864464099e+00 2.831021519991470115e-01
4.929999999999999938e-01 1.249495176662295037e+00 2.831074374290140083e-01
4.934999999999999942e-01 1.249355047706540933e+00 2.831127440889459890e-01
4.939999999999999947e-01 1.249215104509683094e+00 2.831180718149000075e-01
4.944999999999999951e-01 1.249075346586075108e+00 2.831234204439480040e-01
4.949999999999999956e-01 1.248935773451921971e+00 2.831287898142619830e-01
4.954999999999999960e-01 1.248796384625306954e+00 2.831341797650959724e-01
4.959999999999999964e-01 1.248657179626091018e+00 2.831395901367910195e-01
4.964999999999999969e-01 1.248518157976042042e+00 2.831450207707710276e-01
4.969999999999999973e-01 1.248379319198628101e+00 2.831504715095199964e-01
4.974999999999999978e-01 1.248240662819259938e+00 2.831559421965890166e-01
4.979999999999999982e-01 1.248102188365064036e+00 2.831614326765600209e-01
4.984999999999999987e-01 1.247963895364984088e+00 2.831669427950900264e-01
4.989999999999999991e-01 1.247825783349735040e+00 2.831724723988610082e-01
4.994999999999999996e-01 1.247687851851879914e+00 2.831780213355780118e-01
5.000000000000000000e-01 1.247550100405619089e+00 2.831835894539749821e-01
