0.000000000000000000e+00 2.500000000000000000e+00 1.000000000000000056e-01
5.000000000000000104e-04 2.488498216719636780e+00 1.236880805040140030e-01
1.000000000000000021e-03 2.477200514189771052e+00 1.451859531850910046e-01
1.500000000000000031e-03 2.465566349030194893e+00 1.644059238527950106e-01
2.000000000000000042e-03 2.455001648279667936e+00 1.815759497730169980e-01
2.500000000000000052e-03 2.445426577416727199e+00 1.969124648664599964e-01
3.000000000000000062e-03 2.436744936281515006e+00 2.106139416462310121e-01
3.500000000000000073e-03 2.428878513746782097e+00 2.228623750670170323e-01
4.000000000000000083e-03 2.421745484320693809e+00 2.338248731518070278e-01
4.500000000000000527e-03 2.415272340315327781e+00 2.436453228103120094e-01
5.000000000000000104e-03 2.409392483266719953e+00 2.524524818326659981e-01
5.499999999999999681e-03 2.403951301385422124e+00 2.603633451957900191e-01
6.000000000000000125e-03 2.398823569237536812e+00 2.674768232246880206e-01
6.500000000000000569e-03 2.394150995766787915e+00 2.738819105910810237e-01
7.000000000000000146e-03 2.389881949213440215e+00 2.796665369640690124e-01
7.499999999999999722e-03 2.385969502356350080e+00 2.848996860897419769e-01
8.000000000000000167e-03 2.382380407908446962e+00 2.896420938100889853e-01
8.500000000000000611e-03 2.379077921782791982e+00 2.939530085315950059e-01
9.000000000000001055e-03 2.376029480691077111e+00 2.978807667283669969e-01
9.499999999999999764e-03 2.373215336936286946e+00 3.014666278384119935e-01
1.000000000000000021e-02 2.370604927804699891e+00 3.047471736522929797e-01
1.050000000000000065e-02 2.368179216095911865e+00 3.077552526677719835e-01
1.099999999999999936e-02 2.365922961324225859e+00 3.105230429910770251e-01
1.149999999999999981e-02 2.363819225036067895e+00 3.130758772576799909e-01
1.200000000000000025e-02 2.361847231606172937e+00 3.154354824311950134e-01
1.250000000000000069e-02 2.359998882688226107e+00 3.176211176375710044e-01
1.300000000000000114e-02 2.358264044463230125e+00 3.196499664871230162e-01
1.349999999999999985e-02 2.356632306399832899e+00 3.215372950622650272e-01
1.400000000000000029e-02 2.355094409974558989e+00 3.232966733021639949e-01
1.450000000000000074e-02 2.353640012208663812e+00 3.249402344024049927e-01
1.499999999999999944e-02 2.352260766087120203e+00 3.264805003522550098e-01
1.549999999999999989e-02 2.350953137955876127e+00 3.279274341033709961e-01
1.600000000000000033e-02 2.349711262371553033e+00 3.292891311073000149e-01
1.650000000000000078e-02 2.348529876494580115e+00 3.305728541290550160e-01
1.700000000000000122e-02 2.347404247979004044e+00 3.317851250228299742e-01
1.750000000000000167e-02 2.346330112733808981e+00 3.329318065559490059e-01
1.800000000000000211e-02 2.345303620958818946e+00 3.340181751525029830e-01
1.849999999999999908e-02 2.344321134457056033e+00 3.350489852669280011e-01
1.899999999999999953e-02 2.343376727942735105e+00 3.360285000057869897e-01
1.949999999999999997e-02 2.342470668253643140e+00 3.369605820733930224e-01
2.000000000000000042e-02 2.341600327878567978e+00 3.378487453623549852e-01
2.050000000000000086e-02 2.340763313486414976e+00 3.386961736838869919e-01
2.100000000000000130e-02 2.339957441183536879e+00 3.395057559832910243e-01
2.150000000000000175e-02 2.339180714732048916e+00 3.402801175603569761e-01
2.199999999999999872e-02 2.338431306331126169e+00 3.410216477503140164e-01
2.249999999999999917e-02 2.337707539625371922e+00 3.417325244742590029e-01
2.299999999999999961e-02 2.337007874654113859e+00 3.424147360232889792e-01
2.350000000000000006e-02 2.336330873556267118e+00 3.430702302033399875e-01
2.400000000000000050e-02 2.335675125242191896e+00 3.437013108425029939e-01
2.450000000000000094e-02 2.335039428297397190e+00 3.443094590616729844e-01
2.500000000000000139e-02 2.334422688858293071e+00 3.448959455233540083e-01
2.550000000000000183e-02 2.333823893946567196e+00 3.454619505180939742e-01
2.600000000000000228e-02 2.333241177172510117e+00 3.460085669718450108e-01
2.649999999999999925e-02 2.332632368789758992e+00 3.465366669258579946e-01
2.699999999999999969e-02 2.331972776054559215e+00 3.470461311108249958e-01
2.750000000000000014e-02 2.331333043650409831e+00 3.475377724186690109e-01
2.800000000000000058e-02 2.330711971763554047e+00 3.480125972902269882e-01
2.850000000000000103e-02 2.330108471096416167e+00 3.484715393777300108e-01
2.900000000000000147e-02 2.329521547984951813e+00 3.489154639324820173e-01
2.950000000000000192e-02 2.328950292437312886e+00 3.493451726489770204e-01
2.999999999999999889e-02 2.328393868283804125e+00 3.497614085716529986e-01
3.049999999999999933e-02 2.327851504919088210e+00 3.501648608521449879e-01
3.099999999999999978e-02 2.327322490284561063e+00 3.505561692466970247e-01
3.150000000000000022e-02 2.326806164840960811e+00 3.509359283019419795e-01
3.200000000000000067e-02 2.326301916347179866e+00 3.513046912113880205e-01
3.250000000000000111e-02 2.325809175305800114e+00 3.516629733448469741e-01
3.300000000000000155e-02 2.325327410967036990e+00 3.520112554641839919e-01
3.350000000000000200e-02 2.324856127805268180e+00 3.523499866447989959e-01
3.400000000000000244e-02 2.324394862398995176e+00 3.526795869249240156e-01
3.450000000000000289e-02 2.323943180657733087e+00 3.530004497056289936e-01
3.500000000000000333e-02 2.323500675349020828e+00 3.533129439240180192e-01
3.550000000000000377e-02 2.323066963886446068e+00 3.536174160210179829e-01
3.600000000000000422e-02 2.322641686345686907e+00 3.539141917237469959e-01
3.649999999999999772e-02 2.322224503680522023e+00 3.542035776608509767e-01
3.699999999999999817e-02 2.321815096114825838e+00 3.544858628276140178e-01
3.749999999999999861e-02 2.321413161689874105e+00 3.547613199160319919e-01
3.799999999999999906e-02 2.321018414949207020e+00 3.550302065235699800e-01
3.849999999999999950e-02 2.320630585745496965e+00 3.552927662529419828e-01
3.899999999999999994e-02 2.320249418156004051e+00 3.555492297139489777e-01
3.950000000000000039e-02 2.319874669494848884e+00 3.557998154372870037e-01
4.000000000000000083e-02 2.319506109411765049e+00 3.560447307091459956e-01
4.050000000000000128e-02 2.319143519068325165e+00 3.562841723345320233e-01
4.100000000000000172e-02 2.318786352806288864e+00 3.565183263351229814e-01
4.150000000000000216e-02 2.318434239834060051e+00 3.567473629635020127e-01
4.200000000000000261e-02 2.318087537820261002e+00 3.569714509824690185e-01
4.250000000000000305e-02 2.317746063977800919e+00 3.571907528769029949e-01
4.300000000000000350e-02 2.317409644222899967e+00 3.574054235241779787e-01
4.350000000000000394e-02 2.317078112606636875e+00 3.576156106487660136e-01
4.399999999999999745e-02 2.316751310801027142e+00 3.578214552483809929e-01
4.449999999999999789e-02 2.316429087630984096e+00 3.580230919918119814e-01
4.499999999999999833e-02 2.316111298645792793e+00 3.582206495895119969e-01
4.549999999999999878e-02 2.315797805725237080e+00 3.584142511384740271e-01
4.599999999999999922e-02 2.315488476716346167e+00 3.586040144430679977e-01
4.649999999999999967e-02 2.315183185097557939e+00 3.587900523135880149e-01
4.700000000000000011e-02 2.314881809667454160e+00 3.589724728441540114e-01
4.750000000000000056e-02 2.314584234255725015e+00 3.591513796715949947e-01
4.800000000000000100e-02 2.314290347454286856e+00 3.593268722167780038e-01
4.850000000000000144e-02 2.314000042366724852e+00 3.594990459097829882e-01
4.900000000000000189e-02 2.313713216374480020e+00 3.596679924001839890e-01
4.950000000000000233e-02 2.313429770918336015e+00 3.598337997536070199e-01
5.000000000000000278e-02 2.313149611293955132e+00 3.599965526356330159e-01
5.050000000000000322e-02 2.312872646460326198e+00 3.601563324840170166e-01
5.100000000000000366e-02 2.312598788860075860e+00 3.603132176701119849e-01
5.150000000000000411e-02 2.312327954250770201e+00 3.604672836503209910e-01
5.200000000000000455e-02 2.312060061546315826e+00 3.606186031082970200e-01
5.249999999999999806e-02 2.311795032667761873e+00 3.607672460885870125e-01
5.299999999999999850e-02 2.311532790107472923e+00 3.609132941850570209e-01
5.349999999999999895e-02 2.311273240576146026e+00 3.610569371039090147e-01
5.399999999999999939e-02 2.311016312032773801e+00 3.611982449305110032e-01
5.449999999999999983e-02 2.310761940360061217e+00 3.613372554632510170e-01
5.500000000000000028e-02 2.310510063648409940e+00 3.614740079095140057e-01
5.550000000000000072e-02 2.310260622030527955e+00 3.616085423954319977e-01
5.600000000000000117e-02 2.310013557556977126e+00 3.617408995819659800e-01
5.650000000000000161e-02 2.309768814097754142e+00 3.618711203625750161e-01
5.700000000000000205e-02 2.309526337260805029e+00 3.619992456244650048e-01
5.750000000000000250e-02 2.309286074321796001e+00 3.621253160599929855e-01
5.800000000000000294e-02 2.309047974161599015e+00 3.622493720179910115e-01
5.850000000000000339e-02 2.308811987209117955e+00 3.623714533870929788e-01
5.900000000000000383e-02 2.308578065387981937e+00 3.624915995048619832e-01
5.950000000000000427e-02 2.308346162066155838e+00 3.626098490878030267e-01
5.999999999999999778e-02 2.308116232007793034e+00 3.627262401783389878e-01
6.049999999999999822e-02 2.307888231326975959e+00 3.628408101055959900e-01
6.099999999999999867e-02 2.307662117443061156e+00 3.629535954574250045e-01
6.149999999999999911e-02 2.307437849037448974e+00 3.630646320616029987e-01
6.199999999999999956e-02 2.307215386011709946e+00 3.631739549744830153e-01
6.250000000000000000e-02 2.306994689446975944e+00 3.632815984757200023e-01
6.300000000000000044e-02 2.306775721564544135e+00 3.633875960679149864e-01
6.350000000000000089e-02 2.306558445687703074e+00 3.634919804802260179e-01
6.400000000000000133e-02 2.306342826204724084e+00 3.635947836751730056e-01
6.450000000000000178e-02 2.306128828533014818e+00 3.636960368579810199e-01
6.500000000000000222e-02 2.305916419084412805e+00 3.637957704879369869e-01
6.550000000000000266e-02 2.305705565231615850e+00 3.638940142912969744e-01
6.600000000000000311e-02 2.305496235275720007e+00 3.639907972754100052e-01
6.650000000000000355e-02 2.305288398414834905e+00 3.640861477437150051e-01
6.700000000000000400e-02 2.305082024713795974e+00 3.641800933113950034e-01
6.750000000000000444e-02 2.304877085074898080e+00 3.642726609214589906e-01
6.800000000000000488e-02 2.304673551209665217e+00 3.643638768610990009e-01
6.850000000000000533e-02 2.304471395611622064e+00 3.644537667781589940e-01
6.900000000000000577e-02 2.304270591530031886e+00 3.645423556976339907e-01
6.950000000000000622e-02 2.304071112944587885e+00 3.646296680380720079e-01
7.000000000000000666e-02 2.303872934541014939e+00 3.647157276278369942e-01
7.050000000000000711e-02 2.303676031687563075e+00 3.648005577211430039e-01
7.100000000000000755e-02 2.303480380412363804e+00 3.648841810138350183e-01
7.150000000000000799e-02 2.303285957381636884e+00 3.649666196588650102e-01
7.200000000000000844e-02 2.303092739878676021e+00 3.650478952814479872e-01
7.249999999999999500e-02 2.302900705783629043e+00 3.651280289938559909e-01
7.299999999999999545e-02 2.302709833554033914e+00 3.652070414098619877e-01
7.349999999999999589e-02 2.302520102206059960e+00 3.652849526588000106e-01
7.399999999999999634e-02 2.302331491296472077e+00 3.653617823992479918e-01
7.449999999999999678e-02 2.302143980905241083e+00 3.654375498323260141e-01
7.499999999999999722e-02 2.301957551618817988e+00 3.655122737146119793e-01
7.549999999999999767e-02 2.301772184514034869e+00 3.655859723706780251e-01
7.599999999999999811e-02 2.301587861142579072e+00 3.656586637052460231e-01
7.649999999999999856e-02 2.301404563516065149e+00 3.657303652149749840e-01
7.699999999999999900e-02 2.301222274091645925e+00 3.658010939998819766e-01
7.749999999999999944e-02 2.301040975758173790e+00 3.658708667744089982e-01
7.799999999999999989e-02 2.300860651822842939e+00 3.659396998781340171e-01
7.850000000000000033e-02 2.300681285998341874e+00 3.660076092861530017e-01
7.900000000000000078e-02 2.300502862390474856e+00 3.660746106191239968e-01
7.950000000000000122e-02 2.300325365486223905e+00 3.661407191529890137e-01
8.000000000000000167e-02 2.300148780142257987e+00 3.662059498283899983e-01
8.050000000000000211e-02 2.299973091573837003e+00 3.662703172597799872e-01
8.100000000000000255e-02 2.299798285344146098e+00 3.663338357442419979e-01
8.150000000000000300e-02 2.299624347353987019e+00 3.663965192700249784e-01
8.200000000000000344e-02 2.299451263831845171e+00 3.664583815248059762e-01
8.250000000000000389e-02 2.299279021324307948e+00 3.665194359036940130e-01
8.300000000000000433e-02 2.299107606686829897e+00 3.665796955169660087e-01
8.350000000000000477e-02 2.298937007074822958e+00 3.666391731975759960e-01
8.400000000000000522e-02 2.298767209935037137e+00 3.666978815084069865e-01
8.450000000000000566e-02 2.298598202997273798e+00 3.667558327493070092e-01
8.500000000000000611e-02 2.298429974266359199e+00 3.668130389638989963e-01
8.550000000000000655e-02 2.298262512014412007e+00 3.668695119461820031e-01
8.600000000000000699e-02 2.298095804773363060e+00 3.669252632469189868e-01
8.650000000000000744e-02 2.297929841327745137e+00 3.669803041798380128e-01
8.700000000000000788e-02 2.297764610707706989e+00 3.670346458276310120e-01
8.750000000000000833e-02 2.297600102182284054e+00 3.670882990477780106e-01
8.799999999999999489e-02 2.297436305252878785e+00 3.671412744781870074e-01
8.849999999999999534e-02 2.297273021037411933e+00 3.671935814687909971e-01
8.899999999999999578e-02 2.297110428518590819e+00 3.672452293645759869e-01
8.949999999999999623e-02 2.296948523270879061e+00 3.672962283785800031e-01
8.999999999999999667e-02 2.296787295199579138e+00 3.673465885150499766e-01
9.049999999999999711e-02 2.296626734474386033e+00 3.673963195711419938e-01
9.099999999999999756e-02 2.296466831513095830e+00 3.674454311403430040e-01
9.149999999999999800e-02 2.296307576968009911e+00 3.674939326168519815e-01
9.199999999999999845e-02 2.296148961714315817e+00 3.675418332004570243e-01
9.249999999999999889e-02 2.295990976839966891e+00 3.675891419016399930e-01
9.299999999999999933e-02 2.295833613636673931e+00 3.676358675467210069e-01
9.349999999999999978e-02 2.295676863591816996e+00 3.676820187829660247e-01
9.400000000000000022e-02 2.295520718381104164e+00 3.677276040835760207e-01
9.450000000000000067e-02 2.295365169861828036e+00 3.677726317525270017e-01
9.500000000000000111e-02 2.295210210066641832e+00 3.678171099292489865e-01
9.550000000000000155e-02 2.295055831197764018e+00 3.678610465931320128e-01
9.600000000000000200e-02 2.294902025621568864e+00 3.679044495678560067e-01
9.650000000000000244e-02 2.294748785863510054e+00 3.679473265255530090e-01
9.700000000000000289e-02 2.294596104603316977e+00 3.679896849908029788e-01
9.750000000000000333e-02 2.294443974670469899e+00 3.680315323444720010e-01
9.800000000000000377e-02 2.294292389039911839e+00 3.680728758274049994e-01
9.850000000000000422e-02 2.294141340827935860e+00 3.681137225439730098e-01
9.900000000000000466e-02 2.293990823288305059e+00 3.681540794654860060e-01
9.950000000000000511e-02 2.293840829808516002e+00 3.681939534334859876e-01
1.000000000000000056e-01 2.293691353906246011e+00 3.682333511629140022e-01
1.005000000000000060e-01 2.293542389225919020e+00 3.682722792451689764e-01
1.010000000000000064e-01 2.293393929535436193e+00 3.683107441510600211e-01
1.015000000000000069e-01 2.293245968723018891e+00 3.683487522336599818e-01
1.020000000000000073e-01 2.293098500794167105e+00 3.683863097310620116e-01
1.025000000000000078e-01 2.292951519868740906e+00 3.684234227690499908e-01
1.030000000000000082e-01 2.292805020178132924e+00 3.684600973636810162e-01
1.035000000000000087e-01 2.292658996062546972e+00 3.684963394237890100e-01
1.040000000000000091e-01 2.292513441968365040e+00 3.685321547534139985e-01
1.044999999999999957e-01 2.292368352445595114e+00 3.685675490541520105e-01
1.049999999999999961e-01 2.292223722145421139e+00 3.686025279274450228e-01
1.054999999999999966e-01 2.292079545817812036e+00 3.686370968767970213e-01
1.059999999999999970e-01 2.291935818309208006e+00 3.686712613099299984e-01
1.064999999999999974e-01 2.291792534560284977e+00 3.687050265408750027e-01
1.069999999999999979e-01 2.291649689603783902e+00 3.687383977920160039e-01
1.074999999999999983e-01 2.291507278562403993e+00 3.687713801960629811e-01
1.079999999999999988e-01 2.291365296646751037e+00 3.688039787979839890e-01
1.084999999999999992e-01 2.291223739153362082e+00 3.688361985568799906e-01
1.089999999999999997e-01 2.291082601462767876e+00 3.688680443478090099e-01
1.095000000000000001e-01 2.290941879037622808e+00 3.688995209635659855e-01
1.100000000000000006e-01 2.290801567420880147e+00 3.689306331164159958e-01
1.105000000000000010e-01 2.290661662234013018e+00 3.689613854397810200e-01
1.110000000000000014e-01 2.290522159175306882e+00 3.689917824898850118e-01
1.115000000000000019e-01 2.290383054018171993e+00 3.690218287473560066e-01
1.120000000000000023e-01 2.290244342609506045e+00 3.690515286187939781e-01
1.125000000000000028e-01 2.290106020868115877e+00 3.690808864382890131e-01
1.130000000000000032e-01 2.289968084783168045e+00 3.691099064689140063e-01
1.135000000000000037e-01 2.289830530412675813e+00 3.691385929041740011e-01
1.140000000000000041e-01 2.289693353882039872e+00 3.691669498694170048e-01
1.145000000000000046e-01 2.289556551382609051e+00 3.691949814232209914e-01
1.150000000000000050e-01 2.289420119170296086e+00 3.692226915587389913e-01
1.155000000000000054e-01 2.289284053564209831e+00 3.692500842050149834e-01
1.160000000000000059e-01 2.289148350945342081e+00 3.692771632282679795e-01
1.165000000000000063e-01 2.289013007755268170e+00 3.693039324331450213e-01
1.170000000000000068e-01 2.288878020494890198e+00 3.693303955639499758e-01
1.175000000000000072e-01 2.288743385723207791e+00 3.693565563058319734e-01
1.180000000000000077e-01 2.288609100056123946e+00 3.693824182859610228e-01
1.185000000000000081e-01 2.288475160165273081e+00 3.694079850746619931e-01
1.190000000000000085e-01 2.288341562776884164e+00 3.694332601865339960e-01
1.195000000000000090e-01 2.288208304670658944e+00 3.694582470815350184e-01
1.199999999999999956e-01 2.288075382678699032e+00 3.694829491660470144e-01
1.204999999999999960e-01 2.287942793684431209e+00 3.695073697939170176e-01
1.209999999999999964e-01 2.287810534621582015e+00 3.695315122674699970e-01
1.214999999999999969e-01 2.287678602473167011e+00 3.695553798385030064e-01
1.219999999999999973e-01 2.287546994270501788e+00 3.695789757092520222e-01
1.224999999999999978e-01 2.287415707092233852e+00 3.696023030333470127e-01
1.229999999999999982e-01 2.287284738063406042e+00 3.696253649167309807e-01
1.234999999999999987e-01 2.287154084354531935e+00 3.696481644185700133e-01
1.239999999999999991e-01 2.287023743180709001e+00 3.696707045521400170e-01
1.244999999999999996e-01 2.286893711800725093e+00 3.696929882856889726e-01
1.250000000000000000e-01 2.286763987516209795e+00 3.697150185432879765e-01
1.255000000000000004e-01 2.286634567670795093e+00 3.697367982056580238e-01
1.260000000000000009e-01 2.286505449649295141e+00 3.697583301109779730e-01
1.265000000000000013e-01 2.286376630876910010e+00 3.697796170556780226e-01
1.270000000000000018e-01 2.286248108818432989e+00 3.698006617952149799e-01
1.275000000000000022e-01 2.286119880977497854e+00 3.698214670448309871e-01
1.280000000000000027e-01 2.285991944895815919e+00 3.698420354802889887e-01
1.285000000000000031e-01 2.285864298152460172e+00 3.698623697386059783e-01
1.290000000000000036e-01 2.285736938363144954e+00 3.698824724187549928e-01
1.295000000000000040e-01 2.285609863179519863e+00 3.699023460823639975e-01
1.300000000000000044e-01 2.285483070288492957e+00 3.699219932543920120e-01
1.305000000000000049e-01 2.285356557411557965e+00 3.699414164237970204e-01
1.310000000000000053e-01 2.285230322304149020e+00 3.699606180441800118e-01
1.315000000000000058e-01 2.285104362754982965e+00 3.699796005344280214e-01
1.320000000000000062e-01 2.284978676585455837e+00 3.699983662793310257e-01
1.325000000000000067e-01 2.284853261649007816e+00 3.700169176301960072e-01
1.330000000000000071e-01 2.284728115830546802e+00 3.700352569054389806e-01
1.335000000000000075e-01 2.284603237045839119e+00 3.700533863911730226e-01
1.340000000000000080e-01 2.284478623240957962e+00 3.700713083417759841e-01
1.345000000000000084e-01 2.284354272391698970e+00 3.700890249804519860e-01
1.350000000000000089e-01 2.284230182503053097e+00 3.701065384997779817e-01
1.355000000000000093e-01 2.284106351608651053e+00 3.701238510622429922e-01
1.360000000000000098e-01 2.283982777770252159e+00 3.701409648007680242e-01
1.365000000000000102e-01 2.283859459077214993e+00 3.701578818192219900e-01
1.370000000000000107e-01 2.283736393646008001e+00 3.701746041929280251e-01
1.375000000000000111e-01 2.283613579619704126e+00 3.701911339691529856e-01
1.380000000000000115e-01 2.283491015167498972e+00 3.702074731675910058e-01
1.385000000000000120e-01 2.283368698484239179e+00 3.702236237808350094e-01
1.390000000000000124e-01 2.283246627789966787e+00 3.702395877748430042e-01
1.395000000000000129e-01 2.283124801329455167e+00 3.702553670893889981e-01
1.400000000000000133e-01 2.283003217371768034e+00 3.702709636385059788e-01
1.405000000000000138e-01 2.282881874209826023e+00 3.702863793109250068e-01
1.410000000000000142e-01 2.282760770159983021e+00 3.703016159704959898e-01
1.415000000000000147e-01 2.282639903561599848e+00 3.703166754566120100e-01
1.420000000000000151e-01 2.282519272776648123e+00 3.703315595846130015e-01
1.425000000000000155e-01 2.282398876189302150e+00 3.703462701461889828e-01
1.430000000000000160e-01 2.282278712205544124e+00 3.703608089097710221e-01
1.435000000000000164e-01 2.282158779252792868e+00 3.703751776209189828e-01
1.440000000000000169e-01 2.282039075779516146e+00 3.703893780026960014e-01
1.444999999999999896e-01 2.281919600254862956e+00 3.704034117560390249e-01
1.449999999999999900e-01 2.281800351168311813e+00 3.704172805601240182e-01
1.454999999999999905e-01 2.281681327029303041e+00 3.704309860727140191e-01
1.459999999999999909e-01 2.281562526366904819e+00 3.704445299305130224e-01
1.464999999999999913e-01 2.281443947729472121e+00 3.704579137495079832e-01
1.469999999999999918e-01 2.281325589684299882e+00 3.704711391252979991e-01
1.474999999999999922e-01 2.281207450817318794e+00 3.704842076334239898e-01
1.479999999999999927e-01 2.281089529732760024e+00 3.704971208296939933e-01
1.484999999999999931e-01 2.280971825052844792e+00 3.705098802504919742e-01
1.489999999999999936e-01 2.280854335417481060e+00 3.705224874130940149e-01
1.494999999999999940e-01 2.280737059483962881e+00 3.705349438159640241e-01
1.499999999999999944e-01 2.280619995926675081e+00 3.705472509390549951e-01
1.504999999999999949e-01 2.280503143436794833e+00 3.705594102441009952e-01
1.509999999999999953e-01 2.280386500722026977e+00 3.705714231748989951e-01
1.514999999999999958e-01 2.280270066506309146e+00 3.705832911575929756e-01
1.519999999999999962e-01 2.280153839529548865e+00 3.705950156009469865e-01
1.524999999999999967e-01 2.280037818547349993e+00 3.706065978966159857e-01
1.529999999999999971e-01 2.279922002330764030e+00 3.706180394194080185e-01
1.534999999999999976e-01 2.279806389666013011e+00 3.706293415275470071e-01
1.539999999999999980e-01 2.279690979354258129e+00 3.706405055629229950e-01
1.544999999999999984e-01 2.279575770211339947e+00 3.706515328513469987e-01
1.549999999999999989e-01 2.279460761067547026e+00 3.706624247027909824e-01
1.554999999999999993e-01 2.279345950767361906e+00 3.706731824116319962e-01
1.559999999999999998e-01 2.279231338169248833e+00 3.706838072568859888e-01
1.565000000000000002e-01 2.279116922145410840e+00 3.706943005024410098e-01
1.570000000000000007e-01 2.279002701581576140e+00 3.707046633972829741e-01
1.575000000000000011e-01 2.278888675376764983e+00 3.707148971757199818e-01
1.580000000000000016e-01 2.278774842443096027e+00 3.707250030575989785e-01
1.585000000000000020e-01 2.278661201705547867e+00 3.707349822485230262e-01
1.590000000000000024e-01 2.278547752101772961e+00 3.707448359400620230e-01
1.595000000000000029e-01 2.278434492581888016e+00 3.707545653099579841e-01
1.600000000000000033e-01 2.278321422108282146e+00 3.707641715223279899e-01
1.605000000000000038e-01 2.278208539655389053e+00 3.707736557278680234e-01
1.610000000000000042e-01 2.278095844209548027e+00 3.707830190640429846e-01
1.615000000000000047e-01 2.277983334768766799e+00 3.707922626552879741e-01
1.620000000000000051e-01 2.277871010342573221e+00 3.708013876131829867e-01
1.625000000000000056e-01 2.277758869951805210e+00 3.708103950366529733e-01
1.630000000000000060e-01 2.277646912628449982e+00 3.708192860121399814e-01
1.635000000000000064e-01 2.277535137415461985e+00 3.708280616137890062e-01
1.640000000000000069e-01 2.277423543366596803e+00 3.708367229036200197e-01
1.645000000000000073e-01 2.277312129546238850e+00 3.708452709316990004e-01
1.650000000000000078e-01 2.277200895029249050e+00 3.708537067363120165e-01
1.655000000000000082e-01 2.277089838900792085e+00 3.708620313441309824e-01
1.660000000000000087e-01 2.276978960256171192e+00 3.708702457703709765e-01
1.665000000000000091e-01 2.276868258200665185e+00 3.708783510189629928e-01
1.670000000000000095e-01 2.276757731849401001e+00 3.708863480827039871e-01
1.675000000000000100e-01 2.276647380327191161e+00 3.708942379434029823e-01
1.680000000000000104e-01 2.276537202768381007e+00 3.709020215720569835e-01
1.685000000000000109e-01 2.276427198316759881e+00 3.709096999289789864e-01
1.690000000000000113e-01 2.276317366125287123e+00 3.709172739639630123e-01
1.695000000000000118e-01 2.276207705356124045e+00 3.709247446164120054e-01
1.700000000000000122e-01 2.276098215180278217e+00 3.709321128154849934e-01
1.705000000000000127e-01 2.275988894777694949e+00 3.709393794802530175e-01
1.710000000000000131e-01 2.275879743336993055e+00 3.709465455198139860e-01
1.715000000000000135e-01 2.275770760055448871e+00 3.709536118334400001e-01
1.720000000000000140e-01 2.275661944138612114e+00 3.709605793107100258e-01
1.725000000000000144e-01 2.275553294800527038e+00 3.709674488316350160e-01
1.730000000000000149e-01 2.275444811263394040e+00 3.709742212667940242e-01
1.735000000000000153e-01 2.275336492757431994e+00 3.709808974774539969e-01
1.740000000000000158e-01 2.275228338520899118e+00 3.709874783156950073e-01
1.745000000000000162e-01 2.275120347799867826e+00 3.709939646245339895e-01
1.750000000000000167e-01 2.275012519848119918e+00 3.710003572380500270e-01
1.755000000000000171e-01 2.274904853927060877e+00 3.710066569814919890e-01
1.759999999999999898e-01 2.274797349305678118e+00 3.710128646713969913e-01
1.764999999999999902e-01 2.274690005260248782e+00 3.710189811157190154e-01
1.769999999999999907e-01 2.274582821074437877e+00 3.710250071139180039e-01
1.774999999999999911e-01 2.274475796039054032e+00 3.710309434570869813e-01
1.779999999999999916e-01 2.274368929451993981e+00 3.710367909280630205e-01
1.784999999999999920e-01 2.274262220618152863e+00 3.710425503015190030e-01
1.789999999999999925e-01 2.274155668849255019e+00 3.710482223440830229e-01
1.794999999999999929e-01 2.274049273463908172e+00 3.710538078144309804e-01
1.799999999999999933e-01 2.273943033787356072e+00 3.710593074633979915e-01
1.804999999999999938e-01 2.273836949151398112e+00 3.710647220340769770e-01
1.809999999999999942e-01 2.273731018894426192e+00 3.710700522619119757e-01
1.814999999999999947e-01 2.273625242361200005e+00 3.710752988748020065e-01
1.819999999999999951e-01 2.273519618902791084e+00 3.710804625931929945e-01
1.824999999999999956e-01 2.273414147876548164e+00 3.710855441301689761e-01
1.829999999999999960e-01 2.273308828645982160e+00 3.710905441915520186e-01
1.834999999999999964e-01 2.273203660580565888e+00 3.710954634759919823e-01
1.839999999999999969e-01 2.273098643055858847e+00 3.711003026750520073e-01
1.844999999999999973e-01 2.272993775453254095e+00 3.711050624732979974e-01
1.849999999999999978e-01 2.272889057159980020e+00 3.711097435483869944e-01
1.854999999999999982e-01 2.272784487569054157e+00 3.711143465711559952e-01
1.859999999999999987e-01 2.272680066079094008e+00 3.711188722057029987e-01
1.864999999999999991e-01 2.272575792094324143e+00 3.711233211094669970e-01
1.869999999999999996e-01 2.272471665024490051e+00 3.711276939333160163e-01
1.875000000000000000e-01 2.272367684284728018e+00 3.711319913216230004e-01
1.880000000000000004e-01 2.272263849295563798e+00 3.711362139123490222e-01
1.885000000000000009e-01 2.272160159482818909e+00 3.711403623371190008e-01
1.890000000000000013e-01 2.272056614277516928e+00 3.711444372213010268e-01
1.895000000000000018e-01 2.271953213115860848e+00 3.711484391840780273e-01
1.900000000000000022e-01 2.271849955439094959e+00 3.711523688385259812e-01
1.905000000000000027e-01 2.271746840693498193e+00 3.711562267916849733e-01
1.910000000000000031e-01 2.271643868330317950e+00 3.711600136446400189e-01
1.915000000000000036e-01 2.271541037805613783e+00 3.711637299925790168e-01
1.920000000000000040e-01 2.271438348580339994e+00 3.711673764248680230e-01
1.925000000000000044e-01 2.271335800120184878e+00 3.711709535251340175e-01
1.930000000000000049e-01 2.271233391895500109e+00 3.711744618713109789e-01
1.935000000000000053e-01 2.271131123381294969e+00 3.711779020357219849e-01
1.940000000000000058e-01 2.271028994057164851e+00 3.711812745851409967e-01
1.945000000000000062e-01 2.270927003407202882e+00 3.711845800808610263e-01
1.950000000000000067e-01 2.270825150919951074e+00 3.711878190787539777e-01
1.955000000000000071e-01 2.270723436088351921e+00 3.711909921293399806e-01
1.960000000000000075e-01 2.270621858409719973e+00 3.711940997778440110e-01
1.965000000000000080e-01 2.270520417385596179e+00 3.711971425642610067e-01
1.970000000000000084e-01 2.270419112521815830e+00 3.712001210234159854e-01
1.975000000000000089e-01 2.270317943328369115e+00 3.712030356850239965e-01
1.980000000000000093e-01 2.270216909319370924e+00 3.712058870737520166e-01
1.985000000000000098e-01 2.270116010012992014e+00 3.712086757092720180e-01
1.990000000000000102e-01 2.270015244931485210e+00 3.712114021063239733e-01
1.995000000000000107e-01 2.269914613601013986e+00 3.712140667747649836e-01
2.000000000000000111e-01 2.269814115551696876e+00 3.712166702196350032e-01
2.005000000000000115e-01 2.269713750317536860e+00 3.712192129412030250e-01
2.010000000000000120e-01 2.269613517436332994e+00 3.712216954350279763e-01
2.015000000000000124e-01 2.269513416449682186e+00 3.712241181920080124e-01
2.020000000000000129e-01 2.269413446902912135e+00 3.712264816984359728e-01
2.025000000000000133e-01 2.269313608345053801e+00 3.712287864360480083e-01
2.030000000000000138e-01 2.269213900328741929e+00 3.712310328820809802e-01
2.035000000000000142e-01 2.269114322410258122e+00 3.712332215093169796e-01
2.040000000000000147e-01 2.269014874149409167e+00 3.712353527861350089e-01
2.045000000000000151e-01 2.268915555109515036e+00 3.712374271765649936e-01
2.050000000000000155e-01 2.268816364857376922e+00 3.712394451403290274e-01
2.055000000000000160e-01 2.268717302963204840e+00 3.712414071328949960e-01
2.060000000000000164e-01 2.268618369000610091e+00 3.712433136055229843e-01
2.065000000000000169e-01 2.268519562546539969e+00 3.712451650053070207e-01
2.070000000000000173e-01 2.268420883181253789e+00 3.712469617752289786e-01
2.075000000000000178e-01 2.268322330488274030e+00 3.712487043541979892e-01
2.080000000000000182e-01 2.268223904054357920e+00 3.712503931770990140e-01
2.084999999999999909e-01 2.268125603469453910e+00 3.712520286748339782e-01
2.089999999999999913e-01 2.268027428326634176e+00 3.712536112743680117e-01
2.094999999999999918e-01 2.267929378222123038e+00 3.712551413987720261e-01
2.099999999999999922e-01 2.267831452755201926e+00 3.712566194672640152e-01
2.104999999999999927e-01 2.267733651528207162e+00 3.712580458952520202e-01
2.109999999999999931e-01 2.267635974146470002e+00 3.712594210943759854e-01
2.114999999999999936e-01 2.267538420218301987e+00 3.712607454725480038e-01
2.119999999999999940e-01 2.267440989354954972e+00 3.712620194339900093e-01
2.124999999999999944e-01 2.267343681170571834e+00 3.712632433792820152e-01
2.129999999999999949e-01 2.267246495282182028e+00 3.712644177053909811e-01
2.134999999999999953e-01 2.267149431309642971e+00 3.712655428057179963e-01
2.139999999999999958e-01 2.267052488875615168e+00 3.712666190701279789e-01
2.144999999999999962e-01 2.266955667605537794e+00 3.712676468849990252e-01
2.149999999999999967e-01 2.266858967127590052e+00 3.712686266332470009e-01
2.154999999999999971e-01 2.266762387072669860e+00 3.712695586943740023e-01
2.159999999999999976e-01 2.266665927074342779e+00 3.712704434444960011e-01
2.164999999999999980e-01 2.266569586768830025e+00 3.712712812563839782e-01
2.169999999999999984e-01 2.266473365794975159e+00 3.712720724994960086e-01
2.174999999999999989e-01 2.266377263794210783e+00 3.712728175400160091e-01
2.179999999999999993e-01 2.266281280410524790e+00 3.712735167408849901e-01
2.184999999999999998e-01 2.266185415290454142e+00 3.712741704618370275e-01
2.190000000000000002e-01 2.266089668083024034e+00 3.712747790594310149e-01
2.195000000000000007e-01 2.265994038439747893e+00 3.712753428870880223e-01
2.200000000000000011e-01 2.265898526014585190e+00 3.712758622951189968e-01
2.205000000000000016e-01 2.265803130463925008e+00 3.712763376307620100e-01
2.210000000000000020e-01 2.265707851446541188e+00 3.712767692382100138e-01
2.215000000000000024e-01 2.265612688623589221e+00 3.712771574586459788e-01
2.220000000000000029e-01 2.265517641658564951e+00 3.712775026302729819e-01
2.225000000000000033e-01 2.265422710217281921e+00 3.712778050883450143e-01
2.230000000000000038e-01 2.265327893967853168e+00 3.712780651651950148e-01
2.235000000000000042e-01 2.265233192580656141e+00 3.712782831902720071e-01
2.240000000000000047e-01 2.265138605728314047e+00 3.712784594901620272e-01
2.245000000000000051e-01 2.265044133085673206e+00 3.712785943886259821e-01
2.250000000000000056e-01 2.264949774329775067e+00 3.712786882066200222e-01
2.255000000000000060e-01 2.264855529139831791e+00 3.712787412623330119e-01
2.260000000000000064e-01 2.264761397197213810e+00 3.712787538712090107e-01
2.265000000000000069e-01 2.264667378185408086e+00 3.712787263459769727e-01
2.270000000000000073e-01 2.264573471790016779e+00 3.712786589966790007e-01
2.275000000000000078e-01 2.264479677698719051e+00 3.712785521306969927e-01
2.280000000000000082e-01 2.264385995601256862e+00 3.712784060527800079e-01
2.285000000000000087e-01 2.264292425189414093e+00 3.712782210650700243e-01
2.290000000000000091e-01 2.264198966156984127e+00 3.712779974671310268e-01
2.295000000000000095e-01 2.264105618199764969e+00 3.712777355559709891e-01
2.300000000000000100e-01 2.264012381015529041e+00 3.712774356260720166e-01
2.305000000000000104e-01 2.263919254303999207e+00 3.712770979694119955e-01
2.310000000000000109e-01 2.263826237766839000e+00 3.712767228754930149e-01
2.315000000000000113e-01 2.263733331107629088e+00 3.712763106313630157e-01
2.320000000000000118e-01 2.263640534031836182e+00 3.712758615216419922e-01
2.325000000000000122e-01 2.263547846246810824e+00 3.712753758285480266e-01
2.330000000000000127e-01 2.263455267461762954e+00 3.712748538319189939e-01
2.335000000000000131e-01 2.263362797387730829e+00 3.712742958092349888e-01
2.340000000000000135e-01 2.263270435737581021e+00 3.712737020356460249e-01
2.345000000000000140e-01 2.263178182225969781e+00 3.712730727839920197e-01
2.350000000000000144e-01 2.263086036569347037e+00 3.712724083248239992e-01
2.355000000000000149e-01 2.262993998485924863e+00 3.712717089264340187e-01
2.360000000000000153e-01 2.262902067695653940e+00 3.712709748548679856e-01
2.365000000000000158e-01 2.262810243920231112e+00 3.712702063739550251e-01
2.370000000000000162e-01 2.262718526883041203e+00 3.712694037453270202e-01
2.375000000000000167e-01 2.262626916309182779e+00 3.712685672284379845e-01
2.380000000000000171e-01 2.262535411925425066e+00 3.712676970805889876e-01
2.385000000000000175e-01 2.262444013460196857e+00 3.712667935569480271e-01
2.390000000000000180e-01 2.262352720643582948e+00 3.712658569105700135e-01
2.395000000000000184e-01 2.262261533207281072e+00 3.712648873924169757e-01
2.399999999999999911e-01 2.262170450884616102e+00 3.712638852513819865e-01
2.404999999999999916e-01 2.262076492000440808e+00 3.712628435671029847e-01
2.409999999999999920e-01 2.261978490413263820e+00 3.712617129288279805e-01
2.414999999999999925e-01 2.261880735831419909e+00 3.712604885697159962e-01
2.419999999999999929e-01 2.261783213054044950e+00 3.712591760394570173e-01
2.424999999999999933e-01 2.261685909041641018e+00 3.712577806824229887e-01
2.429999999999999938e-01 2.261588812507436153e+00 3.712563075442740224e-01
2.434999999999999942e-01 2.261491913609250837e+00 3.712547613273309843e-01
2.439999999999999947e-01 2.261395203710996782e+00 3.712531463756499894e-01
2.444999999999999951e-01 2.261298675194082008e+00 3.712514666780830086e-01
2.449999999999999956e-01 2.261202321305773033e+00 3.712497258819890122e-01
2.454999999999999960e-01 2.261106136035595071e+00 3.712479273128859725e-01
2.459999999999999964e-01 2.261010114013243033e+00 3.712460739970960266e-01
2.464999999999999969e-01 2.260914250423585958e+00 3.712441686854410228e-01
2.469999999999999973e-01 2.260818540935156218e+00 3.712422138768339819e-01
2.474999999999999978e-01 2.260722981639572193e+00 3.712402118410220164e-01
2.479999999999999982e-01 2.260627568999968862e+00 3.712381646400659818e-01
2.484999999999999987e-01 2.260532299806739864e+00 3.712360741483480275e-01
2.489999999999999991e-01 2.260437171139389800e+00 3.712339420710050186e-01
2.494999999999999996e-01 2.260342180333640982e+00 3.712317699607899923e-01
2.500000000000000000e-01 2.260247324952763037e+00 3.712295592334269867e-01
2.505000000000000004e-01 2.260152602762630192e+00 3.712273111814919924e-01
2.510000000000000009e-01 2.260058011709956904e+00 3.712250269869690200e-01
2.515000000000000013e-01 2.259963549903179825e+00 3.712227077325450098e-01
2.520000000000000018e-01 2.259869215595641911e+00 3.712203544117659848e-01
2.525000000000000022e-01 2.259775007170842009e+00 3.712179679381459874e-01
2.530000000000000027e-01 2.259680923129327113e+00 3.712155491533409846e-01
2.535000000000000031e-01 2.259586962077162031e+00 3.712130988344590210e-01
2.540000000000000036e-01 2.259493122715694913e+00 3.712106177006049834e-01
2.545000000000000040e-01 2.259399403832416109e+00 3.712081064187420232e-01
2.550000000000000044e-01 2.259305804292876196e+00 3.712055656089199851e-01
2.555000000000000049e-01 2.259212323033466863e+00 3.712029958489579951e-01
2.560000000000000053e-01 2.259118959054933207e+00 3.712003976786339976e-01
2.565000000000000058e-01 2.259025711416617899e+00 3.711977716034189911e-01
2.570000000000000062e-01 2.258932579231268889e+00 3.711951180978180220e-01
2.575000000000000067e-01 2.258839561660426209e+00 3.711924376083710064e-01
2.580000000000000071e-01 2.258746657910216005e+00 3.711897305563179872e-01
2.585000000000000075e-01 2.258653867227581991e+00 3.711869973399929967e-01
2.590000000000000080e-01 2.258561188896933025e+00 3.711842383369690079e-01
2.595000000000000084e-01 2.258468622237030043e+00 3.711814539059750118e-01
2.600000000000000089e-01 2.258376166598241142e+00 3.711786443886129772e-01
2.605000000000000093e-01 2.258283821360076882e+00 3.711758101108960095e-01
2.610000000000000098e-01 2.258191585928849943e+00 3.711729513846350192e-01
2.615000000000000102e-01 2.258099459735638970e+00 3.711700685086700147e-01
2.620000000000000107e-01 2.258007442234450046e+00 3.711671617699929815e-01
2.625000000000000111e-01 2.257915532900490074e+00 3.711642314447409774e-01
2.630000000000000115e-01 2.257823731228573827e+00 3.711612777990960232e-01
2.635000000000000120e-01 2.257732036731781022e+00 3.711583010901030044e-01
2.640000000000000124e-01 2.257640448940144040e+00 3.711553015663869859e-01
2.645000000000000129e-01 2.257548967399417794e+00 3.711522794688210114e-01
2.650000000000000133e-01 2.257457591670037900e+00 3.711492350311140220e-01
2.655000000000000138e-01 2.257366321326161884e+00 3.711461684803469829e-01
2.660000000000000142e-01 2.257275155954725943e+00 3.711430800374589944e-01
2.665000000000000147e-01 2.257184095154614045e+00 3.711399699176879952e-01
2.670000000000000151e-01 2.257093138535886112e+00 3.711368383309610053e-01
2.675000000000000155e-01 2.257002285719121204e+00 3.711336854822580023e-01
2.680000000000000160e-01 2.256911536334721191e+00 3.711305115719389924e-01
2.685000000000000164e-01 2.256820890022316117e+00 3.711273167960439934e-01
2.690000000000000169e-01 2.256730346430240175e+00 3.711241013465549909e-01
2.695000000000000173e-01 2.256639905215028996e+00 3.711208654116500139e-01
2.700000000000000178e-01 2.256549566040924049e+00 3.711176091759200157e-01
2.705000000000000182e-01 2.256459328579436985e+00 3.711143328205819825e-01
2.710000000000000187e-01 2.256369192508981047e+00 3.711110365236580111e-01
2.715000000000000191e-01 2.256279157514442080e+00 3.711077204601480051e-01
2.720000000000000195e-01 2.256189223286921841e+00 3.711043848021909897e-01
2.725000000000000200e-01 2.256099389523325005e+00 3.711010297192020024e-01
2.730000000000000204e-01 2.256009655926082935e+00 3.710976553780099829e-01
2.735000000000000209e-01 2.255920022202957842e+00 3.710942619429810074e-01
2.740000000000000213e-01 2.255830488066616013e+00 3.710908495761189863e-01
2.745000000000000218e-01 2.255741053234574967e+00 3.710874184371800166e-01
2.750000000000000222e-01 2.255651717428870828e+00 3.710839686837579809e-01
2.755000000000000226e-01 2.255562480375846057e+00 3.710805004713850219e-01
2.760000000000000231e-01 2.255473341805983800e+00 3.710770139535969903e-01
2.765000000000000235e-01 2.255384301453704055e+00 3.710735092820219849e-01
2.770000000000000240e-01 2.255295359057258864e+00 3.710699866064460228e-01
2.775000000000000244e-01 2.255206514358444103e+00 3.710664460748719917e-01
2.780000000000000249e-01 2.255117767102555959e+00 3.710628878335929803e-01
2.785000000000000253e-01 2.255029117038211961e+00 3.710593120272340228e-01
2.790000000000000258e-01 2.254940563917214202e+00 3.710557187988149930e-01
2.795000000000000262e-01 2.254852107494420999e+00 3.710521082897980105e-01
2.800000000000000266e-01 2.254763747527647855e+00 3.710484806401270208e-01
2.805000000000000271e-01 2.254675483777539124e+00 3.710448359882829727e-01
2.810000000000000275e-01 2.254587316007448994e+00 3.710411744713070226e-01
2.815000000000000280e-01 2.254499243983394852e+00 3.710374962248559894e-01
2.820000000000000284e-01 2.254411267473916958e+00 3.710338013832280013e-01
2.825000000000000289e-01 2.254323386250003836e+00 3.710300900794000212e-01
2.830000000000000293e-01 2.254235600084955937e+00 3.710263624450579889e-01
2.835000000000000298e-01 2.254147908754437157e+00 3.710226186106220236e-01
2.840000000000000302e-01 2.254060312036293201e+00 3.710188587052850040e-01
2.845000000000000306e-01 2.253972809710508951e+00 3.710150828570339954e-01
2.850000000000000311e-01 2.253885401559104107e+00 3.710112911926720103e-01
2.855000000000000315e-01 2.253798087366158942e+00 3.710074838378469853e-01
2.860000000000000320e-01 2.253710866917702837e+00 3.710036609170759836e-01
2.865000000000000324e-01 2.253623740001606812e+00 3.709998225537630145e-01
2.870000000000000329e-01 2.253536706407607060e+00 3.709959688702200165e-01
2.875000000000000333e-01 2.253449765927206805e+00 3.709920999876910042e-01
2.880000000000000338e-01 2.253362918353669198e+00 3.709882160263670015e-01
2.884999999999999787e-01 2.253276163481895189e+00 3.709843171054060251e-01
2.889999999999999791e-01 2.253189501108479931e+00 3.709804033429480175e-01
2.894999999999999796e-01 2.253102931031582212e+00 3.709764748561379943e-01
2.899999999999999800e-01 2.253016453050900925e+00 3.709725317611309858e-01
2.904999999999999805e-01 2.252930066967691047e+00 3.709685741731170161e-01
2.909999999999999809e-01 2.252843772584632198e+00 3.709646022063319837e-01
2.914999999999999813e-01 2.252757569705902796e+00 3.709606159740759801e-01
2.919999999999999818e-01 2.252671458137084137e+00 3.709566155887190075e-01
2.924999999999999822e-01 2.252585437685080016e+00 3.709526011617200192e-01
2.929999999999999827e-01 2.252499508158153141e+00 3.709485728036390206e-01
2.934999999999999831e-01 2.252413669365942006e+00 3.709445306241490048e-01
2.939999999999999836e-01 2.252327921119265053e+00 3.709404747320459994e-01
2.944999999999999840e-01 2.252242263230272101e+00 3.709364052352669971e-01
2.949999999999999845e-01 2.252156695512324891e+00 3.709323222408910103e-01
2.954999999999999849e-01 2.252071217779954004e+00 3.709282258551589995e-01
2.959999999999999853e-01 2.251985829848921927e+00 3.709241161834749834e-01
2.964999999999999858e-01 2.251900531536100036e+00 3.709199933304300201e-01
2.969999999999999862e-01 2.251815322659490803e+00 3.709158573997969888e-01
2.974999999999999867e-01 2.251730203038273093e+00 3.709117084945550147e-01
2.979999999999999871e-01 2.251645172492600100e+00 3.709075467168839735e-01
2.984999999999999876e-01 2.251560230843803190e+00 3.709033721681849749e-01
2.989999999999999880e-01 2.251475377914172071e+00 3.708991849490860249e-01
2.994999999999999885e-01 2.251390613527056939e+00 3.708949851594440239e-01
2.999999999999999889e-01 2.251305937506848043e+00 3.708907728983670271e-01
3.004999999999999893e-01 2.251221349678885986e+00 3.708865482642120237e-01
3.009999999999999898e-01 2.251136849869508794e+00 3.708823113545939854e-01
3.014999999999999902e-01 2.251052437905998183e+00 3.708780622663980231e-01
3.019999999999999907e-01 2.250968113616583999e+00 3.708738010957829956e-01
3.024999999999999911e-01 2.250883876830409136e+00 3.708695279381900023e-01
3.029999999999999916e-01 2.250799727377548187e+00 3.708652428883559837e-01
3.034999999999999920e-01 2.250715665088983020e+00 3.708609460403120006e-01
3.039999999999999925e-01 2.250631689796520174e+00 3.708566374873920046e-01
3.044999999999999929e-01 2.250547801332889009e+00 3.708523173222459945e-01
3.049999999999999933e-01 2.250463999531655990e+00 3.708479856368420147e-01
3.054999999999999938e-01 2.250380284227227801e+00 3.708436425224739819e-01
3.059999999999999942e-01 2.250296655254870881e+00 3.708392880697660154e-01
3.064999999999999947e-01 2.250213112450643038e+00 3.708349223686859819e-01
3.069999999999999951e-01 2.250129655651389005e+00 3.708305455085399993e-01
3.074999999999999956e-01 2.250046284694775967e+00 3.708261575779909780e-01
3.079999999999999960e-01 2.249962999419278020e+00 3.708217586650590092e-01
3.084999999999999964e-01 2.249879799664081137e+00 3.708173488571270271e-01
3.089999999999999969e-01 2.249796685269180863e+00 3.708129282409470262e-01
3.094999999999999973e-01 2.249713656075285950e+00 3.708084969026489985e-01
3.099999999999999978e-01 2.249630711923916948e+00 3.708040549277429876e-01
3.104999999999999982e-01 2.249547852657251212e+00 3.707996024011260272e-01
3.109999999999999987e-01 2.249465078118253913e+00 3.707951394070880258e-01
3.114999999999999991e-01 2.249382388150524825e+00 3.707906660293169843e-01
3.119999999999999996e-01 2.249299782598476849e+00 3.707861823509079890e-01
3.125000000000000000e-01 2.249217261307146831e+00 3.707816884543589930e-01
3.130000000000000004e-01 2.249134824122251963e+00 3.707771844215890233e-01
3.135000000000000009e-01 2.249052470890231969e+00 3.707726703339310204e-01
3.140000000000000013e-01 2.248970201458173168e+00 3.707681462721469923e-01
3.145000000000000018e-01 2.248888015673840002e+00 3.707636123164280151e-01
3.150000000000000022e-01 2.248805913385632849e+00 3.707590685464000058e-01
3.155000000000000027e-01 2.248723894442655968e+00 3.707545150411269974e-01
3.160000000000000031e-01 2.248641958694562959e+00 3.707499518791210202e-01
3.165000000000000036e-01 2.248560105991752156e+00 3.707453791383429897e-01
3.170000000000000040e-01 2.248478336185172122e+00 3.707407968962039835e-01
3.175000000000000044e-01 2.248396649126410018e+00 3.707362052295790078e-01
3.180000000000000049e-01 2.248315044667671181e+00 3.707316042148089963e-01
3.185000000000000053e-01 2.248233522661775119e+00 3.707269939276969795e-01
3.190000000000000058e-01 2.248152082962127096e+00 3.707223744435170221e-01
3.195000000000000062e-01 2.248070725422785188e+00 3.707177458370279899e-01
3.200000000000000067e-01 2.247989449898283976e+00 3.707131081824699970e-01
3.205000000000000071e-01 2.247908256243850822e+00 3.707084615535640171e-01
3.210000000000000075e-01 2.247827144315235781e+00 3.707038060235239851e-01
3.215000000000000080e-01 2.247746113968756010e+00 3.706991416650600168e-01
3.220000000000000084e-01 2.247665165061342840e+00 3.706944685503790193e-01
3.225000000000000089e-01 2.247584297450457846e+00 3.706897867511930178e-01
3.230000000000000093e-01 2.247503510994096843e+00 3.706850963387169906e-01
3.235000000000000098e-01 2.247422805550844060e+00 3.706803973836800270e-01
3.240000000000000102e-01 2.247342180979810866e+00 3.706756899563299901e-01
3.245000000000000107e-01 2.247261637140649970e+00 3.706709741264280211e-01
3.250000000000000111e-01 2.247181173893512796e+00 3.706662499632609742e-01
3.255000000000000115e-01 2.247100791099163164e+00 3.706615175356470226e-01
3.260000000000000120e-01 2.247020488618839185e+00 3.706567769119269995e-01
3.265000000000000124e-01 2.246940266314271906e+00 3.706520281599789968e-01
3.270000000000000129e-01 2.246860124047751039e+00 3.706472713472270253e-01
3.275000000000000133e-01 2.246780061682058793e+00 3.706425065406260266e-01
3.280000000000000138e-01 2.246700079080509838e+00 3.706377338066890181e-01
3.285000000000000142e-01 2.246620176106883804e+00 3.706329532114679970e-01
3.290000000000000147e-01 2.246540352625486126e+00 3.706281648205749790e-01
3.295000000000000151e-01 2.246460608501080092e+00 3.706233686991730059e-01
3.300000000000000155e-01 2.246380943598966784e+00 3.706185649119930203e-01
3.305000000000000160e-01 2.246301357784929120e+00 3.706137535233219871e-01
3.310000000000000164e-01 2.246221850925183006e+00 3.706089345970179916e-01
3.315000000000000169e-01 2.246142422886462153e+00 3.706041081965130157e-01
3.320000000000000173e-01 2.246063073535968790e+00 3.705992743848079973e-01
3.325000000000000178e-01 2.245983802741340796e+00 3.705944332244839878e-01
3.330000000000000182e-01 2.245904610370728083e+00 3.705895847777039842e-01
3.335000000000000187e-01 2.245825496292724210e+00 3.705847291062089877e-01
3.340000000000000191e-01 2.245746460376369935e+00 3.705798662713359892e-01
3.345000000000000195e-01 2.245667502491186962e+00 3.705749963340049802e-01
3.350000000000000200e-01 2.245588622507117993e+00 3.705701193547359940e-01
3.355000000000000204e-01 2.245509820294556924e+00 3.705652353936410015e-01
3.360000000000000209e-01 2.245431095724363058e+00 3.705603445104360127e-01
3.365000000000000213e-01 2.245352448667829126e+00 3.705554467644390226e-01
3.370000000000000218e-01 2.245273878996691952e+00 3.705505422145750072e-01
3.375000000000000222e-01 2.245195386583096031e+00 3.705456309193769782e-01
3.380000000000000226e-01 2.245116971299630837e+00 3.705407129369909791e-01
3.385000000000000231e-01 2.245038633019316165e+00 3.705357883251759743e-01
3.390000000000000235e-01 2.244960371615615902e+00 3.705308571413160057e-01
3.395000000000000240e-01 2.244882186962341208e+00 3.705259194424079805e-01
3.400000000000000244e-01 2.244804078933825942e+00 3.705209752850799898e-01
3.405000000000000249e-01 2.244726047404741021e+00 3.705160247255799844e-01
3.410000000000000253e-01 2.244648092250221882e+00 3.705110678197929830e-01
3.415000000000000258e-01 2.244570213345754794e+00 3.705061046232350219e-01
3.420000000000000262e-01 2.244492410567270113e+00 3.705011351910539874e-01
3.425000000000000266e-01 2.244414683791112086e+00 3.704961595780389971e-01
3.430000000000000271e-01 2.244337032893987782e+00 3.704911778386180132e-01
3.435000000000000275e-01 2.244259457753046139e+00 3.704861900268680008e-01
3.440000000000000280e-01 2.244181958245811792e+00 3.704811961965049916e-01
3.445000000000000284e-01 2.244104534250157990e+00 3.704761964008980168e-01
3.450000000000000289e-01 2.244027185644414057e+00 3.704711906930699961e-01
3.455000000000000293e-01 2.243949912307269923e+00 3.704661791256940173e-01
3.460000000000000298e-01 2.243872714117812972e+00 3.704611617510999988e-01
3.465000000000000302e-01 2.243795590955456110e+00 3.704561386212830154e-01
3.470000000000000306e-01 2.243718542700074980e+00 3.704511097878929737e-01
3.475000000000000311e-01 2.243641569231835220e+00 3.704460753022499886e-01
3.480000000000000315e-01 2.243564670431369201e+00 3.704410352153379993e-01
3.485000000000000320e-01 2.243487846179590850e+00 3.704359895778109868e-01
3.490000000000000324e-01 2.243411096357847079e+00 3.704309384399929739e-01
3.495000000000000329e-01 2.243334420847837851e+00 3.704258818518860186e-01
3.500000000000000333e-01 2.243257819531600195e+00 3.704208198631709914e-01
3.505000000000000338e-01 2.243181292291546836e+00 3.704157525232010251e-01
3.510000000000000342e-01 2.243104839010459095e+00 3.704106798810170020e-01
3.515000000000000346e-01 2.243028459571521971e+00 3.704056019853410042e-01
3.519999999999999796e-01 2.242952153858130071e+00 3.704005188845809760e-01
3.524999999999999800e-01 2.242875921754201141e+00 3.703954306268310015e-01
3.529999999999999805e-01 2.242799763143870972e+00 3.703903372598810195e-01
3.534999999999999809e-01 2.242723677911719005e+00 3.703852388312119936e-01
3.539999999999999813e-01 2.242647665942620883e+00 3.703801353880030178e-01
3.544999999999999818e-01 2.242571727121779102e+00 3.703750269771239889e-01
3.549999999999999822e-01 2.242495861334791840e+00 3.703699136451509832e-01
3.554999999999999827e-01 2.242420068467553040e+00 3.703647954383579854e-01
3.559999999999999831e-01 2.242344348406328791e+00 3.703596724027239939e-01
3.564999999999999836e-01 2.242268701037719136e+00 3.703545445839350192e-01
3.569999999999999840e-01 2.242193126248606116e+00 3.703494120273880252e-01
3.574999999999999845e-01 2.242117623926211056e+00 3.703442747781839905e-01
3.579999999999999849e-01 2.242042193958174945e+00 3.703391328811440064e-01
3.584999999999999853e-01 2.241966836232360816e+00 3.703339863807960097e-01
3.589999999999999858e-01 2.241891550637022945e+00 3.703288353213879947e-01
3.594999999999999862e-01 2.241816337060697162e+00 3.703236797468910102e-01
3.599999999999999867e-01 2.241741195392267016e+00 3.703185197009919993e-01
3.604999999999999871e-01 2.241666125520925146e+00 3.703133552270990170e-01
3.609999999999999876e-01 2.241591127336199030e+00 3.703081863683510000e-01
3.614999999999999880e-01 2.241516200727906138e+00 3.703030131676079972e-01
3.619999999999999885e-01 2.241441345586209888e+00 3.702978356674609950e-01
3.624999999999999889e-01 2.241366561801541923e+00 3.702926539102340264e-01
3.629999999999999893e-01 2.241291849264669178e+00 3.702874679379750122e-01
3.634999999999999898e-01 2.241217207866669003e+00 3.702822777924770214e-01
3.639999999999999902e-01 2.241142637498917178e+00 3.702770835152620066e-01
3.644999999999999907e-01 2.241068138053126990e+00 3.702718851475920170e-01
3.649999999999999911e-01 2.240993709421239988e+00 3.702666827304689767e-01
3.654999999999999916e-01 2.240919351495588963e+00 3.702614763046390145e-01
3.659999999999999920e-01 2.240845064168762946e+00 3.702562659105910203e-01
3.664999999999999925e-01 2.240770847333644955e+00 3.702510515885549802e-01
3.669999999999999929e-01 2.240696700883428871e+00 3.702458333785120237e-01
3.674999999999999933e-01 2.240622624711599009e+00 3.702406113201909821e-01
3.679999999999999938e-01 2.240548618711918127e+00 3.702353854530739952e-01
3.684999999999999942e-01 2.240474682778481164e+00 3.702301558163910156e-01
3.689999999999999947e-01 2.240400816805621087e+00 3.702249224491310220e-01
3.694999999999999951e-01 2.240327020687967075e+00 3.702196853900360241e-01
3.699999999999999956e-01 2.240253294320467159e+00 3.702144446776090003e-01
3.704999999999999960e-01 2.240179637598359808e+00 3.702092003501060158e-01
3.709999999999999964e-01 2.240106050417133954e+00 3.702039524455469910e-01
3.714999999999999969e-01 2.240032532672585841e+00 3.701987010017189772e-01
3.719999999999999973e-01 2.239959084260783051e+00 3.701934460561659979e-01
3.724999999999999978e-01 2.239885705078073830e+00 3.701881876462029819e-01
3.729999999999999982e-01 2.239812395021059999e+00 3.701829258089119890e-01
3.734999999999999987e-01 2.239739153986660902e+00 3.701776605811409881e-01
3.739999999999999991e-01 2.239665981872069889e+00 3.701723919995080214e-01
3.744999999999999996e-01 2.239592878574724111e+00 3.701671201004109735e-01
3.750000000000000000e-01 2.239519843992321846e+00 3.701618449200160255e-01
3.755000000000000004e-01 2.239446878022873122e+00 3.701565664942629841e-01
3.760000000000000009e-01 2.239373980564641098e+00 3.701512848588759952e-01
3.765000000000000013e-01 2.239301151516173150e+00 3.701460000493509983e-01
3.770000000000000018e-01 2.239228390776252020e+00 3.701407121009619994e-01
3.775000000000000022e-01 2.239155698243935788e+00 3.701354210487710072e-01
3.780000000000000027e-01 2.239083073818581848e+00 3.701301269276209838e-01
3.785000000000000031e-01 2.239010517399728784e+00 3.701248297721360103e-01
3.790000000000000036e-01 2.238938028887263787e+00 3.701195296167320015e-01
3.795000000000000040e-01 2.238865608181277000e+00 3.701142264956069905e-01
3.800000000000000044e-01 2.238793255182148112e+00 3.701089204427490120e-01
3.805000000000000049e-01 2.238720969790490845e+00 3.701036114919369902e-01
3.810000000000000053e-01 2.238648751907200918e+00 3.700982996767420152e-01
3.815000000000000058e-01 2.238576601433399205e+00 3.700929850305300084e-01
3.820000000000000062e-01 2.238504518270492127e+00 3.700876675864590015e-01
3.825000000000000067e-01 2.238432502320109041e+00 3.700823473774800254e-01
3.830000000000000071e-01 2.238360553484183946e+00 3.700770244363429939e-01
3.835000000000000075e-01 2.238288671664783180e+00 3.700716987956029769e-01
3.840000000000000080e-01 2.238216856764365215e+00 3.700663704876049898e-01
3.845000000000000084e-01 2.238145108685531959e+00 3.700610395445059764e-01
3.850000000000000089e-01 2.238073427331213949e+00 3.700557059982539920e-01
3.855000000000000093e-01 2.238001812604490048e+00 3.700503698806070219e-01
3.860000000000000098e-01 2.237930264408776182e+00 3.700450312231289840e-01
3.865000000000000102e-01 2.237858782647634825e+00 3.700396900571910064e-01
3.870000000000000107e-01 2.237787367224997048e+00 3.700343464139689842e-01
3.875000000000000111e-01 2.237716018044895172e+00 3.700290003244480208e-01
3.880000000000000115e-01 2.237644735011707020e+00 3.700236518194239821e-01
3.885000000000000120e-01 2.237573518029979169e+00 3.700183009295069936e-01
3.890000000000000124e-01 2.237502367004533976e+00 3.700129476851179988e-01
3.895000000000000129e-01 2.237431281840431829e+00 3.700075921164919790e-01
3.900000000000000133e-01 2.237360262442956049e+00 3.700022342536770092e-01
3.905000000000000138e-01 2.237289308717608893e+00 3.699968741265399763e-01
3.910000000000000142e-01 2.237218420570139088e+00 3.699915117647690210e-01
3.915000000000000147e-01 2.237147597906537833e+00 3.699861471978679872e-01
3.920000000000000151e-01 2.237076840633021924e+00 3.699807804551589752e-01
3.925000000000000155e-01 2.237006148656007110e+00 3.699754115657870046e-01
3.930000000000000160e-01 2.236935521882176925e+00 3.699700405587190155e-01
3.935000000000000164e-01 2.236864960218420961e+00 3.699646674627499743e-01
3.940000000000000169e-01 2.236794463571877056e+00 3.699592923064919936e-01
3.945000000000000173e-01 2.236724031849839811e+00 3.699539151183919850e-01
3.950000000000000178e-01 2.236653664959944887e+00 3.699485359267120077e-01
3.955000000000000182e-01 2.236583362809957176e+00 3.699431547595540271e-01
3.960000000000000187e-01 2.236513125307853844e+00 3.699377716448489783e-01
3.965000000000000191e-01 2.236442952361909153e+00 3.699323866103459979e-01
3.970000000000000195e-01 2.236372843880589212e+00 3.699269996836390129e-01
3.975000000000000200e-01 2.236302799772547978e+00 3.699216108921469792e-01
3.980000000000000204e-01 2.236232819946705863e+00 3.699162202631279817e-01
3.985000000000000209e-01 2.236162904312163136e+00 3.699108278236680203e-01
3.990000000000000213e-01 2.236093052778235002e+00 3.699054336006989963e-01
3.995000000000000218e-01 2.236023265254465819e+00 3.699000376209780061e-01
4.000000000000000222e-01 2.235953541650641085e+00 3.698946399111079919e-01
4.005000000000000226e-01 2.235883881876695956e+00 3.698892404975280268e-01
4.010000000000000231e-01 2.235814285842819160e+00 3.698838394065229740e-01
4.015000000000000235e-01 2.235744753459396161e+00 3.698784366642089982e-01
4.020000000000000240e-01 2.235675284637022919e+00 3.698730322965509965e-01
4.025000000000000244e-01 2.235605879286528097e+00 3.698676263293539934e-01
4.030000000000000249e-01 2.235536537318937977e+00 3.698622187882700252e-01
4.035000000000000253e-01 2.235467258645495114e+00 3.698568096987899789e-01
4.040000000000000258e-01 2.235398043177632132e+00 3.698513990862630219e-01
4.045000000000000262e-01 2.235328890827001924e+00 3.698459869758730090e-01
4.050000000000000266e-01 2.235259801505411925e+00 3.698405733926610206e-01
4.055000000000000271e-01 2.235190775124920926e+00 3.698351583615129834e-01
4.060000000000000275e-01 2.235121811597800878e+00 3.698297419071620018e-01
4.065000000000000280e-01 2.235052910836524021e+00 3.698243240541960186e-01
4.070000000000000284e-01 2.234984072753753104e+00 3.698189048270529855e-01
4.075000000000000289e-01 2.234915297262329847e+00 3.698134842500280239e-01
4.080000000000000293e-01 2.234846584275286929e+00 3.698080623472629891e-01
4.085000000000000298e-01 2.234777933705923925e+00 3.698026391427620130e-01
4.090000000000000302e-01 2.234709345467694064e+00 3.697972146603780152e-01
4.095000000000000306e-01 2.234640819474248197e+00 3.697917889238229727e-01
4.100000000000000311e-01 2.234572355639446783e+00 3.697863619566689741e-01
4.105000000000000315e-01 2.234503953877331028e+00 3.697809337823430020e-01
4.110000000000000320e-01 2.234435614102148193e+00 3.697755044241319844e-01
4.115000000000000324e-01 2.234367336228345824e+00 3.697700739051870134e-01
4.120000000000000329e-01 2.234299120170534003e+00 3.697646422485180162e-01
4.125000000000000333e-01 2.234230965843559957e+00 3.697592094769869830e-01
4.130000000000000338e-01 2.234162873162433005e+00 3.697537756133350006e-01
4.135000000000000342e-01 2.234094842042343210e+00 3.697483406801569950e-01
4.140000000000000346e-01 2.234026872398697794e+00 3.697429046999169966e-01
4.145000000000000351e-01 2.233958964147091830e+00 3.697374676949369832e-01
4.150000000000000355e-01 2.233891117203286925e+00 3.697320296874139767e-01
4.155000000000000360e-01 2.233823331483264951e+00 3.697265906994040008e-01
4.160000000000000364e-01 2.233755606903196966e+00 3.697211507528360142e-01
4.164999999999999813e-01 2.233687943379373042e+00 3.697157098695110222e-01
4.169999999999999818e-01 2.233620340828340822e+00 3.697102680710879774e-01
4.174999999999999822e-01 2.233552799166803826e+00 3.697048253791049843e-01
4.179999999999999827e-01 2.233485318311689838e+00 3.696993818149709732e-01
4.184999999999999831e-01 2.233417898180030114e+00 3.696939373999649781e-01
4.189999999999999836e-01 2.233350538689116149e+00 3.696884921552380243e-01
4.194999999999999840e-01 2.233283239756373995e+00 3.696830461018150160e-01
4.199999999999999845e-01 2.233216001299432207e+00 3.696775992605960126e-01
4.204999999999999849e-01 2.233148823236076108e+00 3.696721516523560069e-01
4.209999999999999853e-01 2.233081705484317059e+00 3.696667032977429823e-01
4.214999999999999858e-01 2.233014647962292987e+00 3.696612542172860172e-01
4.219999999999999862e-01 2.232947650588379851e+00 3.696558044313840163e-01
4.224999999999999867e-01 2.232880713281088170e+00 3.696503539603290256e-01
4.229999999999999871e-01 2.232813835959079007e+00 3.696449028242719814e-01
4.234999999999999876e-01 2.232747018541282991e+00 3.696394510432580160e-01
4.239999999999999880e-01 2.232680260946731998e+00 3.696339986372100261e-01
4.244999999999999885e-01 2.232613563094631104e+00 3.696285456259240099e-01
4.249999999999999889e-01 2.232546924904398988e+00 3.696230920290889954e-01
4.254999999999999893e-01 2.232480346295588003e+00 3.696176378662680007e-01
4.259999999999999898e-01 2.232413827187960997e+00 3.696121831569120220e-01
4.264999999999999902e-01 2.232347367501462898e+00 3.696067279203519851e-01
4.269999999999999907e-01 2.232280967156166085e+00 3.696012721758080155e-01
4.274999999999999911e-01 2.232214626072329011e+00 3.695958159423859968e-01
4.279999999999999916e-01 2.232148344170370002e+00 3.695903592390670234e-01
4.284999999999999920e-01 2.232082121370924988e+00 3.695849020847329913e-01
4.289999999999999925e-01 2.232015957594748912e+00 3.695794444981450044e-01
4.294999999999999929e-01 2.231949852762801001e+00 3.695739864979559752e-01
4.299999999999999933e-01 2.231883806796159053e+00 3.695685281027050184e-01
4.304999999999999938e-01 2.231817819616146004e+00 3.695630693308200043e-01
4.309999999999999942e-01 2.231751891144182931e+00 3.695576102006249974e-01
4.314999999999999947e-01 2.231686021301881873e+00 3.695521507303259900e-01
4.319999999999999951e-01 2.231620210011025840e+00 3.695466909380309972e-01
4.324999999999999956e-01 2.231554457193559049e+00 3.695412308417260205e-01
4.329999999999999960e-01 2.231488762771571821e+00 3.695357704593030257e-01
4.334999999999999964e-01 2.231423126667348100e+00 3.695303098085420124e-01
4.339999999999999969e-01 2.231357548803318824e+00 3.695248489071180087e-01
4.344999999999999973e-01 2.231292029102085017e+00 3.695193877725960196e-01
4.349999999999999978e-01 2.231226567486408019e+00 3.695139264224430176e-01
4.354999999999999982e-01 2.231161163879188170e+00 3.695084648740190048e-01
4.359999999999999987e-01 2.231095818203502112e+00 3.695030031445790120e-01
4.364999999999999991e-01 2.231030530382628108e+00 3.694975412512789825e-01
4.369999999999999996e-01 2.230965300339906143e+00 3.694920792111699992e-01
4.375000000000000000e-01 2.230900127998966198e+00 3.694866170412020034e-01
4.380000000000000004e-01 2.230835013283503976e+00 3.694811547582210198e-01
4.385000000000000009e-01 2.230769956117380826e+00 3.694756923789819791e-01
4.390000000000000013e-01 2.230704956424652163e+00 3.694702299201250151e-01
4.395000000000000018e-01 2.230640014129476878e+00 3.694647673982059954e-01
4.400000000000000022e-01 2.230575129156236791e+00 3.694593048296769822e-01
4.405000000000000027e-01 2.230510301429419862e+00 3.694538422308850101e-01
4.410000000000000031e-01 2.230445530873672144e+00 3.694483796180920154e-01
4.415000000000000036e-01 2.230380817413847971e+00 3.694429170074530200e-01
4.420000000000000040e-01 2.230316160974871842e+00 3.694374544150330064e-01
4.425000000000000044e-01 2.230251561481900069e+00 3.694319918567929850e-01
4.430000000000000049e-01 2.230187018860191994e+00 3.694265293486139745e-01
4.435000000000000053e-01 2.230122533035169052e+00 3.694210669062660268e-01
4.440000000000000058e-01 2.230058103932420988e+00 3.694156045454349835e-01
4.445000000000000062e-01 2.229993731477661001e+00 3.694101422817079872e-01
4.450000000000000067e-01 2.229929415596784814e+00 3.694046801305839733e-01
4.455000000000000071e-01 2.229865156215856015e+00 3.693992181074650105e-01
4.460000000000000075e-01 2.229800953260998142e+00 3.693937562276670139e-01
4.465000000000000080e-01 2.229736806658562998e+00 3.693882945064099754e-01
4.470000000000000084e-01 2.229672716335072025e+00 3.693828329588240145e-01
4.475000000000000089e-01 2.229608682217092852e+00 3.693773715999479901e-01
4.480000000000000093e-01 2.229544704231452013e+00 3.693719104447319990e-01
4.485000000000000098e-01 2.229480782305043096e+00 3.693664495080449806e-01
4.490000000000000102e-01 2.229416916364956869e+00 3.693609888046530121e-01
4.495000000000000107e-01 2.229353106338407997e+00 3.693555283492390151e-01
4.500000000000000111e-01 2.229289352152731052e+00 3.693500681564059751e-01
4.505000000000000115e-01 2.229225653735448898e+00 3.693446082406610098e-01
4.510000000000000120e-01 2.229162011014226952e+00 3.693391486164270265e-01
4.515000000000000124e-01 2.229098423916878957e+00 3.693336892980400021e-01
4.520000000000000129e-01 2.229034892371339893e+00 3.693282302997559774e-01
4.525000000000000133e-01 2.228971416305677966e+00 3.693227716357390111e-01
4.530000000000000138e-01 2.228907995648123030e+00 3.693173133200720049e-01
4.535000000000000142e-01 2.228844630327076803e+00 3.693118553667529835e-01
4.540000000000000147e-01 2.228781320271024935e+00 3.693063977896989813e-01
4.545000000000000151e-01 2.228718065408623161e+00 3.693009406027379926e-01
4.550000000000000155e-01 2.228654865668671992e+00 3.692954838196230161e-01
4.555000000000000160e-01 2.228591720980126034e+00 3.692900274540160122e-01
4.560000000000000164e-01 2.228528631272042038e+00 3.692845715195040013e-01
4.565000000000000169e-01 2.228465596473645061e+00 3.692791160295920139e-01
4.570000000000000173e-01 2.228402616514300938e+00 3.692736609977019802e-01
4.575000000000000178e-01 2.228339691323490079e+00 3.692682064371829997e-01
4.580000000000000182e-01 2.228276820830862093e+00 3.692627523612910245e-01
4.585000000000000187e-01 2.228214004966198925e+00 3.692572987832100084e-01
4.590000000000000191e-01 2.228151243659370007e+00 3.692518457160510192e-01
4.595000000000000195e-01 2.228088536840453937e+00 3.692463931728349746e-01
4.600000000000000200e-01 2.228025884439614135e+00 3.692409411665140140e-01
4.605000000000000204e-01 2.227963286387189878e+00 3.692354897099580091e-01
4.610000000000000209e-01 2.227900742613595053e+00 3.692300388159610036e-01
4.615000000000000213e-01 2.227838253049490014e+00 3.692245884972409908e-01
4.620000000000000218e-01 2.227775817625547994e+00 3.692191387664390256e-01
4.625000000000000222e-01 2.227713436272646952e+00 3.692136896361220000e-01
4.630000000000000226e-01 2.227651108921775869e+00 3.692082411187839752e-01
4.635000000000000231e-01 2.227588835504088038e+00 3.692027932268360235e-01
4.640000000000000235e-01 2.227526615950807809e+00 3.691973459726169970e-01
4.645000000000000240e-01 2.227464450193335832e+00 3.691918993683990236e-01
4.650000000000000244e-01 2.227402338163189999e+00 3.691864534263730180e-01
4.655000000000000249e-01 2.227340279792048072e+00 3.691810081586600067e-01
4.660000000000000253e-01 2.227278275011689956e+00 3.691755635773030231e-01
4.665000000000000258e-01 2.227216323754067862e+00 3.691701196942869800e-01
4.670000000000000262e-01 2.227154425951177075e+00 3.691646765215090276e-01
4.675000000000000266e-01 2.227092581535218052e+00 3.691592340708039766e-01
4.680000000000000271e-01 2.227030790438524033e+00 3.691537923539319754e-01
4.685000000000000275e-01 2.226969052593508192e+00 3.691483513825840057e-01
4.690000000000000280e-01 2.226907367932756010e+00 3.691429111683769970e-01
4.695000000000000284e-01 2.226845736388956887e+00 3.691374717228629865e-01
4.700000000000000289e-01 2.226784157894940996e+00 3.691320330575210140e-01
4.705000000000000293e-01 2.226722632383672185e+00 3.691265951837640058e-01
4.710000000000000298e-01 2.226661159788181799e+00 3.691211581129359987e-01
4.715000000000000302e-01 2.226599740041733888e+00 3.691157218563079767e-01
4.720000000000000306e-01 2.226538373077671107e+00 3.691102864250879745e-01
4.725000000000000311e-01 2.226477058829391176e+00 3.691048518304190229e-01
4.730000000000000315e-01 2.226415797230548943e+00 3.690994180833639948e-01
4.735000000000000320e-01 2.226354588214814800e+00 3.690939851949360251e-01
4.740000000000000324e-01 2.226293431716027893e+00 3.690885531760739746e-01
4.745000000000000329e-01 2.226232327668160149e+00 3.690831220376429855e-01
4.750000000000000333e-01 2.226171276005342925e+00 3.690776917904570187e-01
4.755000000000000338e-01 2.226110276661697807e+00 3.690722624452549838e-01
4.760000000000000342e-01 2.226049329571654134e+00 3.690668340127150060e-01
4.765000000000000346e-01 2.225988434669615934e+00 3.690614065034499847e-01
4.770000000000000351e-01 2.225927591890190183e+00 3.690559799280079822e-01
4.775000000000000355e-01 2.225866801168038034e+00 3.690505542968710029e-01
4.780000000000000360e-01 2.225806062438028032e+00 3.690451296204589893e-01
4.785000000000000364e-01 2.225745375635083789e+00 3.690397059091359844e-01
4.790000000000000369e-01 2.225684740694296782e+00 3.690342831731929785e-01
4.795000000000000373e-01 2.225624157550825100e+00 3.690288614228660058e-01
4.799999999999999822e-01 2.225563626139984041e+00 3.690234406683189916e-01
4.804999999999999827e-01 2.225503146397207033e+00 3.690180209196650130e-01
4.809999999999999831e-01 2.225442718258066055e+00 3.690126021869539752e-01
4.814999999999999836e-01 2.225382341658208141e+00 3.690071844801680045e-01
4.819999999999999840e-01 2.225322016533444192e+00 3.690017678092339937e-01
4.824999999999999845e-01 2.225261742819661936e+00 3.689963521840219918e-01
4.829999999999999849e-01 2.225201520452891213e+00 3.689909376143339914e-01
4.834999999999999853e-01 2.225141349369290200e+00 3.689855241099169736e-01
4.839999999999999858e-01 2.225081229505128100e+00 3.689801116804560244e-01
4.844999999999999862e-01 2.225021160796759823e+00 3.689747003355799970e-01
4.849999999999999867e-01 2.224961143180714807e+00 3.689692900848570156e-01
4.854999999999999871e-01 2.224901176593566010e+00 3.689638809378030238e-01
4.859999999999999876e-01 2.224841260972076906e+00 3.689584729038670186e-01
4.864999999999999880e-01 2.224781396253082022e+00 3.689530659924439848e-01
4.869999999999999885e-01 2.224721582373515805e+00 3.689476602128720084e-01
4.874999999999999889e-01 2.224661819270484120e+00 3.689422555744329979e-01
4.879999999999999893e-01 2.224602106881210961e+00 3.689368520863510192e-01
4.884999999999999898e-01 2.224542445142950964e+00 3.689314497577930174e-01
4.889999999999999902e-01 2.224482833993155051e+00 3.689260485978679838e-01
4.894999999999999907e-01 2.224423273369386944e+00 3.689206486156350051e-01
4.899999999999999911e-01 2.224363763209261879e+00 3.689152498200929942e-01
4.904999999999999916e-01 2.224304303450515885e+00 3.689098522201890162e-01
4.909999999999999920e-01 2.224244894031087050e+00 3.689044558248130157e-01
4.914999999999999925e-01 2.224185534888913907e+00 3.688990606428039776e-01
4.919999999999999929e-01 2.224126225962149039e+00 3.688936666829339961e-01
4.924999999999999933e-01 2.224066967188985000e+00 3.688882739539410260e-01
4.929999999999999938e-01 2.224007758507736021e+00 3.688828824644910243e-01
4.934999999999999942e-01 2.223948599856850006e+00 3.688774922232089803e-01
4.939999999999999947e-01 2.223889491174865007e+00 3.688721032386639842e-01
4.944999999999999951e-01 2.223830432400462964e+00 3.688667155193680047e-01
4.949999999999999956e-01 2.223771423472386211e+00 3.688613290737839945e-01
4.954999999999999960e-01 2.223712464329540950e+00 3.688559439103240023e-01
4.959999999999999964e-01 2.223653554910912877e+00 3.688505600373450100e-01
4.964999999999999969e-01 2.223594695155612921e+00 3.688451774631519853e-01
4.969999999999999973e-01 2.223535885002827062e+00 3.688397961960029892e-01
4.974999999999999978e-01 2.223477124391897153e+00 3.688344162441020146e-01
4.979999999999999982e-01 2.223418413262265858e+00 3.688290376156039829e-01
4.984999999999999987e-01 2.223359751553473984e+00 3.688236603186080265e-01
4.989999999999999991e-01 2.223301139205112964e+00 3.688182843611739758e-01
4.994999999999999996e-01 2.223242576156946093e+00 3.688129097512969912e-01
5.000000000000000000e-01 2.223184062348850798e+00 3.688075364969349845e-01
